{
  "intrinsic": [
    [
      582.7246704101562,
      0.0,
      384.0
    ],
    [
      0.0,
      582.7246704101562,
      240.0
    ],
    [
      0.0,
      0.0,
      1.0
    ]
  ],
  "extrinsic": [
    [
      [
        0.9999999403953552,
        7.498445484088734e-05,
        0.0002515614905860275,
        -0.00010504382953513414
      ],
      [
        -7.500479114241898e-05,
        1.0,
        8.080901898210868e-05,
        -1.2107252587156836e-05
      ],
      [
        -0.0002515554369892925,
        -8.082788554020226e-05,
        0.9999999403953552,
        -0.00032849417766556144
      ],
      [
        0.0,
        0.0,
        0.0,
        1.0
      ]
    ],
    [
      [
        0.9999567270278931,
        -0.0034306917805224657,
        0.008647107519209385,
        -0.000771618913859129
      ],
      [
        0.0034319700207561255,
        0.9999940991401672,
        -0.00013302470324561,
        0.00012360094115138054
      ],
      [
        -0.008646600879728794,
        0.00016269556363113225,
        0.9999626278877258,
        -0.000984761631116271
      ],
      [
        0.0,
        0.0,
        0.0,
        1.0
      ]
    ],
    [
      [
        0.9997693300247192,
        -0.004910512827336788,
        0.020909013226628304,
        -0.008203995414078236
      ],
      [
        0.004910335876047611,
        0.9999879598617554,
        5.98040824115742e-05,
        0.0004548346623778343
      ],
      [
        -0.020909054204821587,
        4.287999763619155e-05,
        0.9997813701629639,
        -0.012073857709765434
      ],
      [
        0.0,
        0.0,
        0.0,
        1.0
      ]
    ],
    [
      [
        0.9988753199577332,
        -0.010876011103391647,
        0.04614958539605141,
        -0.022642116993665695
      ],
      [
        0.010794955305755138,
        0.9999397397041321,
        0.002005264163017273,
        8.18736862129299e-06
      ],
      [
        -0.04616861045360565,
        -0.001504826359450817,
        0.9989325404167175,
        -0.03452637791633606
      ],
      [
        0.0,
        0.0,
        0.0,
        1.0
      ]
    ],
    [
      [
        0.9982799291610718,
        -0.012463640421628952,
        0.057287510484457016,
        -0.029704060405492783
      ],
      [
        0.012359460815787315,
        0.9999212622642517,
        0.0021724950056523085,
        4.442238787305541e-05
      ],
      [
        -0.0573100745677948,
        -0.0014607154298573732,
        0.9983553290367126,
        -0.045718081295490265
      ],
      [
        0.0,
        0.0,
        0.0,
        1.0
      ]
    ],
    [
      [
        0.9974961280822754,
        -0.015683185309171677,
        0.0689602941274643,
        -0.036636997014284134
      ],
      [
        0.01556097436696291,
        0.9998762607574463,
        0.0023090364411473274,
        0.0005151930381543934
      ],
      [
        -0.06898797303438187,
        -0.001230165595188737,
        0.997616708278656,
        -0.055926140397787094
      ],
      [
        0.0,
        0.0,
        0.0,
        1.0
      ]
    ],
    [
      [
        0.9966797232627869,
        -0.017794661223888397,
        0.07945328950881958,
        -0.04216771572828293
      ],
      [
        0.017511632293462753,
        0.9998375773429871,
        0.004257616121321917,
        -0.00013994224718771875
      ],
      [
        -0.07951615750789642,
        -0.0028521225322037935,
        0.9968295097351074,
        -0.06521401554346085
      ],
      [
        0.0,
        0.0,
        0.0,
        1.0
      ]
    ],
    [
      [
        0.9946355819702148,
        -0.021854883059859276,
        0.10110621899366379,
        -0.05543607100844383
      ],
      [
        0.021457351744174957,
        0.9997571706771851,
        0.005017821677029133,
        8.408047506236471e-06
      ],
      [
        -0.10119132697582245,
        -0.002821432426571846,
        0.994862973690033,
        -0.08549167960882187
      ],
      [
        0.0,
        0.0,
        0.0,
        1.0
      ]
    ],
    [
      [
        0.9934840798377991,
        -0.02340380847454071,
        0.11154189705848694,
        -0.06180063262581825
      ],
      [
        0.023032113909721375,
        0.9997240304946899,
        0.004619879648089409,
        0.0008627783972769976
      ],
      [
        -0.11161923408508301,
        -0.002020731335505843,
        0.9937490224838257,
        -0.09595983475446701
      ],
      [
        0.0,
        0.0,
        0.0,
        1.0
      ]
    ],
    [
      [
        0.9920593500137329,
        -0.025422634556889534,
        0.12317441403865814,
        -0.06902209669351578
      ],
      [
        0.02497846819460392,
        0.9996747374534607,
        0.005149115342646837,
        0.0009444654569961131
      ],
      [
        -0.12326525896787643,
        -0.002031519077718258,
        0.992371678352356,
        -0.10683568567037582
      ],
      [
        0.0,
        0.0,
        0.0,
        1.0
      ]
    ],
    [
      [
        0.9905559420585632,
        -0.028898414224386215,
        0.13402928411960602,
        -0.07629632204771042
      ],
      [
        0.02851841039955616,
        0.9995819330215454,
        0.004754580091685057,
        0.0018144206842407584
      ],
      [
        -0.13411064445972443,
        -0.0008873749175108969,
        0.9909659624099731,
        -0.11514578759670258
      ],
      [
        0.0,
        0.0,
        0.0,
        1.0
      ]
    ],
    [
      [
        0.9877556562423706,
        -0.03155876696109772,
        0.1527833640575409,
        -0.08877919614315033
      ],
      [
        0.031265467405319214,
        0.9995017647743225,
        0.0043224794790148735,
        0.0030712613370269537
      ],
      [
        -0.1528436541557312,
        0.0005072896601632237,
        0.9882502555847168,
        -0.13372106850147247
      ],
      [
        0.0,
        0.0,
        0.0,
        1.0
      ]
    ],
    [
      [
        0.9860252141952515,
        -0.035160381346940994,
        0.1628437042236328,
        -0.095816470682621
      ],
      [
        0.03489356487989426,
        0.999380886554718,
        0.004499264061450958,
        0.004316447302699089
      ],
      [
        -0.16290107369422913,
        0.001245809835381806,
        0.9866416454315186,
        -0.13833443820476532
      ],
      [
        0.0,
        0.0,
        0.0,
        1.0
      ]
    ],
    [
      [
        0.9843187928199768,
        -0.03853251785039902,
        0.17213882505893707,
        -0.10205519199371338
      ],
      [
        0.038194216787815094,
        0.9992563724517822,
        0.005278170108795166,
        0.004398472141474485
      ],
      [
        -0.17221419513225555,
        0.0013793063117191195,
        0.9850585460662842,
        -0.14630715548992157
      ],
      [
        0.0,
        0.0,
        0.0,
        1.0
      ]
    ],
    [
      [
        0.9823736548423767,
        -0.04060457646846771,
        0.18246443569660187,
        -0.10951455682516098
      ],
      [
        0.04021276906132698,
        0.9991739988327026,
        0.005848121829330921,
        0.004953132010996342
      ],
      [
        -0.18255117535591125,
        0.001592359272763133,
        0.9831950664520264,
        -0.15634164214134216
      ],
      [
        0.0,
        0.0,
        0.0,
        1.0
      ]
    ],
    [
      [
        0.977948784828186,
        -0.04571572318673134,
        0.2037798911333084,
        -0.12514586746692657
      ],
      [
        0.0449158251285553,
        0.998954176902771,
        0.00855106022208929,
        0.004331988748162985
      ],
      [
        -0.2039576917886734,
        0.0007904436788521707,
        0.9789794087409973,
        -0.1695924997329712
      ],
      [
        0.0,
        0.0,
        0.0,
        1.0
      ]
    ],
    [
      [
        0.9757696986198425,
        -0.04711701720952988,
        0.21366681158542633,
        -0.13192561268806458
      ],
      [
        0.04638420790433884,
        0.9988879561424255,
        0.008444535546004772,
        0.005393377970904112
      ],
      [
        -0.21382708847522736,
        0.001670843455940485,
        0.9768701195716858,
        -0.17730994522571564
      ],
      [
        0.0,
        0.0,
        0.0,
        1.0
      ]
    ],
    [
      [
        0.9736571907997131,
        -0.04995686933398247,
        0.22247695922851562,
        -0.13953272998332977
      ],
      [
        0.0488874688744545,
        0.9987510442733765,
        0.010314934886991978,
        0.004364697262644768
      ],
      [
        -0.2227143943309784,
        0.0008331247954629362,
        0.9748833775520325,
        -0.1834435760974884
      ],
      [
        0.0,
        0.0,
        0.0,
        1.0
      ]
    ],
    [
      [
        0.9714630246162415,
        -0.050880931317806244,
        0.23166953027248383,
        -0.14721935987472534
      ],
      [
        0.049793582409620285,
        0.9987038969993591,
        0.010542450472712517,
        0.004258916713297367
      ],
      [
        -0.23190565407276154,
        0.001294054789468646,
        0.9727374315261841,
        -0.19147168099880219
      ],
      [
        0.0,
        0.0,
        0.0,
        1.0
      ]
    ],
    [
      [
        0.9679205417633057,
        -0.054148972034454346,
        0.24535226821899414,
        -0.16065514087677002
      ],
      [
        0.05314401164650917,
        0.998529314994812,
        0.010719897225499153,
        0.0053680939599871635
      ],
      [
        -0.24557191133499146,
        0.00266299513168633,
        0.9693747162818909,
        -0.20703350007534027
      ],
      [
        0.0,
        0.0,
        0.0,
        1.0
      ]
    ],
    [
      [
        0.9659234285354614,
        -0.05566467344760895,
        0.2527712881565094,
        -0.16822829842567444
      ],
      [
        0.05438467487692833,
        0.9984472990036011,
        0.012053614482283592,
        0.0056005604565143585
      ],
      [
        -0.2530497610569,
        0.002104016486555338,
        0.9674509763717651,
        -0.21022985875606537
      ],
      [
        0.0,
        0.0,
        0.0,
        1.0
      ]
    ],
    [
      [
        0.9640187621116638,
        -0.057060882449150085,
        0.2596379518508911,
        -0.17576006054878235
      ],
      [
        0.05579329654574394,
        0.9983671307563782,
        0.012255231849849224,
        0.0060830069705843925
      ],
      [
        -0.25991326570510864,
        0.0026717823930084705,
        0.9656282663345337,
        -0.21620367467403412
      ],
      [
        0.0,
        0.0,
        0.0,
        1.0
      ]
    ],
    [
      [
        0.9632061719894409,
        -0.05711293965578079,
        0.26262518763542175,
        -0.1817307472229004
      ],
      [
        0.055906184017658234,
        0.9983630776405334,
        0.012071444652974606,
        0.006961556617170572
      ],
      [
        -0.2628847360610962,
        0.003055083565413952,
        0.9648224115371704,
        -0.22381795942783356
      ],
      [
        0.0,
        0.0,
        0.0,
        1.0
      ]
    ],
    [
      [
        0.962103545665741,
        -0.05789877846837044,
        0.2664667069911957,
        -0.1926659196615219
      ],
      [
        0.05630989372730255,
        0.9983206391334534,
        0.013606174848973751,
        0.007203719113022089
      ],
      [
        -0.2668069899082184,
        0.0019141614902764559,
        0.9637480974197388,
        -0.23896847665309906
      ],
      [
        0.0,
        0.0,
        0.0,
        1.0
      ]
    ],
    [
      [
        0.9619128108024597,
        -0.058859460055828094,
        0.2669443190097809,
        -0.19783073663711548
      ],
      [
        0.057460419833660126,
        0.9982624053955078,
        0.013056157156825066,
        0.007917813956737518
      ],
      [
        -0.2672489285469055,
        0.0027798477094620466,
        0.9636235237121582,
        -0.24732525646686554
      ],
      [
        0.0,
        0.0,
        0.0,
        1.0
      ]
    ],
    [
      [
        0.9617763757705688,
        -0.05930883809924126,
        0.2673361897468567,
        -0.20170195400714874
      ],
      [
        0.05785209313035011,
        0.9982361793518066,
        0.01332947239279747,
        0.008208749815821648
      ],
      [
        -0.26765522360801697,
        0.0026459842920303345,
        0.9635111093521118,
        -0.25480565428733826
      ],
      [
        0.0,
        0.0,
        0.0,
        1.0
      ]
    ],
    [
      [
        0.9618881940841675,
        -0.05808873102068901,
        0.2672017514705658,
        -0.20629926025867462
      ],
      [
        0.05661579966545105,
        0.998308539390564,
        0.013219998218119144,
        0.008595315739512444
      ],
      [
        -0.26751768589019775,
        0.0024116782005876303,
        0.9635499119758606,
        -0.2637777030467987
      ],
      [
        0.0,
        0.0,
        0.0,
        1.0
      ]
    ],
    [
      [
        0.9612213373184204,
        -0.058378592133522034,
        0.26952818036079407,
        -0.21628029644489288
      ],
      [
        0.056724466383457184,
        0.9982926845550537,
        0.013928618282079697,
        0.009212016128003597
      ],
      [
        -0.26988115906715393,
        0.0019003568449988961,
        0.9628917574882507,
        -0.27648359537124634
      ],
      [
        0.0,
        0.0,
        0.0,
        1.0
      ]
    ],
    [
      [
        0.9607652425765991,
        -0.05922336131334305,
        0.2709663510322571,
        -0.22096195816993713
      ],
      [
        0.057560063898563385,
        0.9982426166534424,
        0.014088736847043037,
        0.009640706703066826
      ],
      [
        -0.2713245451450348,
        0.0020608704071491957,
        0.9624857306480408,
        -0.28606754541397095
      ],
      [
        0.0,
        0.0,
        0.0,
        1.0
      ]
    ],
    [
      [
        0.9604626297950745,
        -0.058600928634405136,
        0.2721717357635498,
        -0.22628706693649292
      ],
      [
        0.057040318846702576,
        0.9982785582542419,
        0.013649323023855686,
        0.010788917541503906
      ],
      [
        -0.2725030779838562,
        0.002415097551420331,
        0.9621518850326538,
        -0.2963775396347046
      ],
      [
        0.0,
        0.0,
        0.0,
        1.0
      ]
    ],
    [
      [
        0.9601683616638184,
        -0.05913632735610008,
        0.27309277653694153,
        -0.23077800869941711
      ],
      [
        0.057493943721055984,
        0.9982473850250244,
        0.014020223170518875,
        0.010871131904423237
      ],
      [
        -0.2734432518482208,
        0.002239406807348132,
        0.9618855118751526,
        -0.30088528990745544
      ],
      [
        0.0,
        0.0,
        0.0,
        1.0
      ]
    ],
    [
      [
        0.9601718783378601,
        -0.058409277349710464,
        0.2732367515563965,
        -0.23866131901741028
      ],
      [
        0.05657745525240898,
        0.9982916712760925,
        0.014585932716727257,
        0.01093500480055809
      ],
      [
        -0.27362194657325745,
        0.0014540384290739894,
        0.9618362188339233,
        -0.31873422861099243
      ],
      [
        0.0,
        0.0,
        0.0,
        1.0
      ]
    ],
    [
      [
        0.9596400260925293,
        -0.058424729853868484,
        0.27509546279907227,
        -0.24376066029071808
      ],
      [
        0.057049572467803955,
        0.9982866644859314,
        0.013004845008254051,
        0.013547342270612717
      ],
      [
        -0.27538391947746277,
        0.0032141096889972687,
        0.9613289833068848,
        -0.32376790046691895
      ],
      [
        0.0,
        0.0,
        0.0,
        1.0
      ]
    ],
    [
      [
        0.9594643115997314,
        -0.058775149285793304,
        0.27563318610191345,
        -0.24704624712467194
      ],
      [
        0.057341404259204865,
        0.9982665181159973,
        0.0132648516446352,
        0.014031746424734592
      ],
      [
        -0.27593502402305603,
        0.003078040201216936,
        0.9611713886260986,
        -0.32942795753479004
      ],
      [
        0.0,
        0.0,
        0.0,
        1.0
      ]
    ],
    [
      [
        0.9591807126998901,
        -0.05883858725428581,
        0.2766052186489105,
        -0.2513154149055481
      ],
      [
        0.05727307125926018,
        0.998263955116272,
        0.013742403127253056,
        0.01420661248266697
      ],
      [
        -0.27693361043930054,
        0.0026605799794197083,
        0.9608854055404663,
        -0.3376569449901581
      ],
      [
        0.0,
        0.0,
        0.0,
        1.0
      ]
    ],
    [
      [
        0.9593952298164368,
        -0.058520037680864334,
        0.27592796087265015,
        -0.25692471861839294
      ],
      [
        0.05681809410452843,
        0.9982840418815613,
        0.014165345579385757,
        0.015098191797733307
      ],
      [
        -0.2762834131717682,
        0.0020875362679362297,
        0.9610739350318909,
        -0.3518402874469757
      ],
      [
        0.0,
        0.0,
        0.0,
        1.0
      ]
    ],
    [
      [
        0.9592961072921753,
        -0.0590536966919899,
        0.27615877985954285,
        -0.26014867424964905
      ],
      [
        0.05746493116021156,
        0.9982514381408691,
        0.013849111273884773,
        0.016082393005490303
      ],
      [
        -0.27649372816085815,
        0.0025840443558990955,
        0.9610122442245483,
        -0.35866495966911316
      ],
      [
        0.0,
        0.0,
        0.0,
        1.0
      ]
    ],
    [
      [
        0.9592905640602112,
        -0.058504022657871246,
        0.27629491686820984,
        -0.2633702754974365
      ],
      [
        0.05702747777104378,
        0.9982829093933105,
        0.013382966630160809,
        0.017222469672560692
      ],
      [
        -0.27660343050956726,
        0.00291824690066278,
        0.960979700088501,
        -0.3668156862258911
      ],
      [
        0.0,
        0.0,
        0.0,
        1.0
      ]
    ],
    [
      [
        0.9586679935455322,
        -0.05907118692994118,
        0.2783275246620178,
        -0.26928073167800903
      ],
      [
        0.05776422470808029,
        0.9982469081878662,
        0.012901741079986095,
        0.01845448836684227
      ],
      [
        -0.2786017060279846,
        0.0037088871467858553,
        0.9603995680809021,
        -0.3771528899669647
      ],
      [
        0.0,
        0.0,
        0.0,
        1.0
      ]
    ],
    [
      [
        0.9588704109191895,
        -0.05845256149768829,
        0.27776050567626953,
        -0.2756578028202057
      ],
      [
        0.05685554817318916,
        0.9982869029045105,
        0.013808039017021656,
        0.01887533999979496
      ],
      [
        -0.27809175848960876,
        0.0025521009229123592,
        0.9605511426925659,
        -0.395478218793869
      ],
      [
        0.0,
        0.0,
        0.0,
        1.0
      ]
    ],
    [
      [
        0.9587653279304504,
        -0.058273304253816605,
        0.2781605124473572,
        -0.27889230847358704
      ],
      [
        0.056715525686740875,
        0.9982970356941223,
        0.01365105714648962,
        0.01943403296172619
      ],
      [
        -0.2784822881221771,
        0.002687860280275345,
        0.9604375958442688,
        -0.3982994556427002
      ],
      [
        0.0,
        0.0,
        0.0,
        1.0
      ]
    ],
    [
      [
        0.9592291116714478,
        -0.05855019390583038,
        0.27649837732315063,
        -0.2811993360519409
      ],
      [
        0.05701491981744766,
        0.9982807636260986,
        0.013595598749816418,
        0.020323099568486214
      ],
      [
        -0.27681905031204224,
        0.0027232381980866194,
        0.9609181880950928,
        -0.4083649814128876
      ],
      [
        0.0,
        0.0,
        0.0,
        1.0
      ]
    ],
    [
      [
        0.9589819312095642,
        -0.05819796398282051,
        0.2774287164211273,
        -0.2851499319076538
      ],
      [
        0.05654558166861534,
        0.9983024001121521,
        0.013960274867713451,
        0.020310144871473312
      ],
      [
        -0.2777702212333679,
        0.0022997157648205757,
        0.9606447815895081,
        -0.4183129072189331
      ],
      [
        0.0,
        0.0,
        0.0,
        1.0
      ]
    ],
    [
      [
        0.9584948420524597,
        -0.05871400237083435,
        0.27899879217147827,
        -0.2924833297729492
      ],
      [
        0.05703547224402428,
        0.9982720613479614,
        0.01413749624043703,
        0.02179340273141861
      ],
      [
        -0.2793467342853546,
        0.0023621125146746635,
        0.9601873755455017,
        -0.4331894516944885
      ],
      [
        0.0,
        0.0,
        0.0,
        1.0
      ]
    ],
    [
      [
        0.9586057066917419,
        -0.058795418590307236,
        0.27860045433044434,
        -0.29372239112854004
      ],
      [
        0.05721012502908707,
        0.9982664585113525,
        0.013824615627527237,
        0.02303937077522278
      ],
      [
        -0.27893027663230896,
        0.0026864102110266685,
        0.9603075981140137,
        -0.43918871879577637
      ],
      [
        0.0,
        0.0,
        0.0,
        1.0
      ]
    ],
    [
      [
        0.9582002758979797,
        -0.0587664470076561,
        0.2799977660179138,
        -0.2995770275592804
      ],
      [
        0.05704285576939583,
        0.9982692003250122,
        0.014308173209428787,
        0.023727644234895706
      ],
      [
        -0.28035399317741394,
        0.002261773683130741,
        0.9598940014839172,
        -0.4467693269252777
      ],
      [
        0.0,
        0.0,
        0.0,
        1.0
      ]
    ],
    [
      [
        0.958449125289917,
        -0.05934477597475052,
        0.2790222465991974,
        -0.30050915479660034
      ],
      [
        0.057339925318956375,
        0.9982367157936096,
        0.015349066816270351,
        0.02366611361503601
      ],
      [
        -0.27944114804267883,
        0.0012878134148195386,
        0.9601619839668274,
        -0.4525431990623474
      ],
      [
        0.0,
        0.0,
        0.0,
        1.0
      ]
    ],
    [
      [
        0.9588249921798706,
        -0.05844791978597641,
        0.27791810035705566,
        -0.3049010634422302
      ],
      [
        0.056408051401376724,
        0.9982900023460388,
        0.015337333083152771,
        0.024943681433796883
      ],
      [
        -0.27833929657936096,
        0.0009710009326227009,
        0.9604822993278503,
        -0.46749597787857056
      ],
      [
        0.0,
        0.0,
        0.0,
        1.0
      ]
    ],
    [
      [
        0.9584113955497742,
        -0.05850587040185928,
        0.27932894229888916,
        -0.30959320068359375
      ],
      [
        0.05642322078347206,
        0.9982866644859314,
        0.01549773570150137,
        0.025399940088391304
      ],
      [
        -0.2797571122646332,
        0.0009074355475604534,
        0.9600703716278076,
        -0.47458893060684204
      ],
      [
        0.0,
        0.0,
        0.0,
        1.0
      ]
    ],
    [
      [
        0.9587436318397522,
        -0.058044757694005966,
        0.2782830595970154,
        -0.3113712966442108
      ],
      [
        0.05592900514602661,
        0.9983137845993042,
        0.015542821027338505,
        0.025880495086312294
      ],
      [
        -0.2787160277366638,
        0.0006625157548114657,
        0.9603733420372009,
        -0.4827077388763428
      ],
      [
        0.0,
        0.0,
        0.0,
        1.0
      ]
    ],
    [
      [
        0.9587337970733643,
        -0.05805634334683418,
        0.2783145606517792,
        -0.3147326409816742
      ],
      [
        0.05582131817936897,
        0.998313307762146,
        0.015955457463860512,
        0.02673816867172718
      ],
      [
        -0.27877140045166016,
        0.00023884982510935515,
        0.9603574275970459,
        -0.49136361479759216
      ],
      [
        0.0,
        0.0,
        0.0,
        1.0
      ]
    ],
    [
      [
        0.9584949612617493,
        -0.05828414112329483,
        0.2790883779525757,
        -0.32031750679016113
      ],
      [
        0.05604426935315132,
        0.9983000159263611,
        0.016005339100956917,
        0.028327081352472305
      ],
      [
        -0.2795467674732208,
        0.00030026680906303227,
        0.9601320028305054,
        -0.5071714520454407
      ],
      [
        0.0,
        0.0,
        0.0,
        1.0
      ]
    ],
    [
      [
        0.9590145349502563,
        -0.05829641968011856,
        0.27729520201683044,
        -0.32062456011772156
      ],
      [
        0.05606048181653023,
        0.9982993006706238,
        0.015991831198334694,
        0.029235439375042915
      ],
      [
        -0.27775582671165466,
        0.00020890262385364622,
        0.960651695728302,
        -0.5136252045631409
      ],
      [
        0.0,
        0.0,
        0.0,
        1.0
      ]
    ],
    [
      [
        0.958403468132019,
        -0.05824850872159004,
        0.2794099748134613,
        -0.32530370354652405
      ],
      [
        0.05592282488942146,
        0.9983021020889282,
        0.016294995322823524,
        0.02953873574733734
      ],
      [
        -0.2798847258090973,
        8.21397225081455e-06,
        0.9600335955619812,
        -0.5237366557121277
      ],
      [
        0.0,
        0.0,
        0.0,
        1.0
      ]
    ],
    [
      [
        0.9590827226638794,
        -0.05797761306166649,
        0.2771263122558594,
        -0.32538363337516785
      ],
      [
        0.05551472678780556,
        0.9983176589012146,
        0.016731945797801018,
        0.029549814760684967
      ],
      [
        -0.27763018012046814,
        -0.0006627289112657309,
        0.9606878161430359,
        -0.5313250422477722
      ],
      [
        0.0,
        0.0,
        0.0,
        1.0
      ]
    ],
    [
      [
        0.9589237570762634,
        -0.05830344557762146,
        0.2776075303554535,
        -0.33003219962120056
      ],
      [
        0.05585252121090889,
        0.9982987642288208,
        0.016735687851905823,
        0.030825316905975342
      ],
      [
        -0.2781110107898712,
        -0.0005431692698039114,
        0.9605488181114197,
        -0.5484471321105957
      ],
      [
        0.0,
        0.0,
        0.0,
        1.0
      ]
    ],
    [
      [
        0.9591952562332153,
        -0.05741244927048683,
        0.27685433626174927,
        -0.33139222860336304
      ],
      [
        0.055071525275707245,
        0.9983505010604858,
        0.01623019576072693,
        0.03271004930138588
      ],
      [
        -0.2773294746875763,
        -0.00032113573979586363,
        0.960774838924408,
        -0.555519700050354
      ],
      [
        0.0,
        0.0,
        0.0,
        1.0
      ]
    ],
    [
      [
        0.9587820172309875,
        -0.05777985230088234,
        0.27820587158203125,
        -0.3348873257637024
      ],
      [
        0.05568939074873924,
        0.9983291029930115,
        0.015417791903018951,
        0.03431899845600128
      ],
      [
        -0.2786318361759186,
        0.0007108103018254042,
        0.9603977203369141,
        -0.563204824924469
      ],
      [
        0.0,
        0.0,
        0.0,
        1.0
      ]
    ],
    [
      [
        0.9591131210327148,
        -0.057853519916534424,
        0.2770468592643738,
        -0.33653053641319275
      ],
      [
        0.05562705546617508,
        0.9983250498771667,
        0.015896141529083252,
        0.03450937569141388
      ],
      [
        -0.2775024473667145,
        0.00016510288696736097,
        0.9607248902320862,
        -0.5725870132446289
      ],
      [
        0.0,
        0.0,
        0.0,
        1.0
      ]
    ],
    [
      [
        0.959732711315155,
        -0.05830115079879761,
        0.27479827404022217,
        -0.33828356862068176
      ],
      [
        0.05603177845478058,
        0.9982990622520447,
        0.016108006238937378,
        0.03610841929912567
      ],
      [
        -0.2752699553966522,
        -6.19423808529973e-05,
        0.9613669514656067,
        -0.5870012044906616
      ],
      [
        0.0,
        0.0,
        0.0,
        1.0
      ]
    ],
    [
      [
        0.959603488445282,
        -0.05757073685526848,
        0.2754029929637909,
        -0.34087228775024414
      ],
      [
        0.05513946712017059,
        0.9983412027359009,
        0.0165692325681448,
        0.03590565547347069
      ],
      [
        -0.2759000360965729,
        -0.0007143195252865553,
        0.9611860513687134,
        -0.5953871607780457
      ],
      [
        0.0,
        0.0,
        0.0,
        1.0
      ]
    ],
    [
      [
        0.9596341848373413,
        -0.05767732113599777,
        0.2752736508846283,
        -0.34255126118659973
      ],
      [
        0.05525750666856766,
        0.998335063457489,
        0.0165446437895298,
        0.036745548248291016
      ],
      [
        -0.2757696211338043,
        -0.0006658699712716043,
        0.9612235426902771,
        -0.6051722168922424
      ],
      [
        0.0,
        0.0,
        0.0,
        1.0
      ]
    ],
    [
      [
        0.9599037170410156,
        -0.05745779722929001,
        0.27437832951545715,
        -0.34351858496665955
      ],
      [
        0.05508304387331009,
        0.9983477592468262,
        0.016358600929379463,
        0.037671785801649094
      ],
      [
        -0.27486494183540344,
        -0.0005890891770832241,
        0.9614826440811157,
        -0.6135002970695496
      ],
      [
        0.0,
        0.0,
        0.0,
        1.0
      ]
    ],
    [
      [
        0.9595838189125061,
        -0.05685405433177948,
        0.27562031149864197,
        -0.34910711646080017
      ],
      [
        0.05416494980454445,
        0.9983810186386108,
        0.017365191131830215,
        0.03837665915489197
      ],
      [
        -0.2761613726615906,
        -0.0017343958606943488,
        0.9611096978187561,
        -0.6292786598205566
      ],
      [
        0.0,
        0.0,
        0.0,
        1.0
      ]
    ],
    [
      [
        0.9602595567703247,
        -0.05731496959924698,
        0.2731604278087616,
        -0.34777912497520447
      ],
      [
        0.05502667650580406,
        0.9983561038970947,
        0.016037680208683014,
        0.040691059082746506
      ],
      [
        -0.2736305594444275,
        -0.0003692271129693836,
        0.9618347883224487,
        -0.6411768198013306
      ],
      [
        0.0,
        0.0,
        0.0,
        1.0
      ]
    ],
    [
      [
        0.9607624411582947,
        -0.05694909393787384,
        0.2714633047580719,
        -0.3472452461719513
      ],
      [
        0.054740164428949356,
        0.9983770847320557,
        0.01570882648229599,
        0.04193645343184471
      ],
      [
        -0.27191734313964844,
        -0.00023250504455063492,
        0.9623205661773682,
        -0.6489720344543457
      ],
      [
        0.0,
        0.0,
        0.0,
        1.0
      ]
    ],
    [
      [
        0.9608985185623169,
        -0.05623384565114975,
        0.27113062143325806,
        -0.3487444519996643
      ],
      [
        0.053700000047683716,
        0.9984164237976074,
        0.01676146499812603,
        0.04196648299694061
      ],
      [
        -0.27164381742477417,
        -0.001546351471915841,
        0.9623966217041016,
        -0.6565630435943604
      ],
      [
        0.0,
        0.0,
        0.0,
        1.0
      ]
    ],
    [
      [
        0.9603028893470764,
        -0.05739549919962883,
        0.2729911506175995,
        -0.3550266623497009
      ],
      [
        0.055230554193258286,
        0.998351514339447,
        0.015615241602063179,
        0.04501831904053688
      ],
      [
        -0.27343738079071045,
        8.209209045162424e-05,
        0.9618898034095764,
        -0.6732994318008423
      ],
      [
        0.0,
        0.0,
        0.0,
        1.0
      ]
    ],
    [
      [
        0.9606344103813171,
        -0.05724452808499336,
        0.2718539834022522,
        -0.3547680079936981
      ],
      [
        0.05485501140356064,
        0.9983598589897156,
        0.016387589275836945,
        0.045404378324747086
      ],
      [
        -0.272346168756485,
        -0.0008299290202558041,
        0.9621989727020264,
        -0.683529794216156
      ],
      [
        0.0,
        0.0,
        0.0,
        1.0
      ]
    ],
    [
      [
        0.9607122540473938,
        -0.05735321342945099,
        0.2715557813644409,
        -0.3570860028266907
      ],
      [
        0.05517827719449997,
        0.9983539581298828,
        0.015644513070583344,
        0.04711306095123291
      ],
      [
        -0.2720060348510742,
        -4.589601667248644e-05,
        0.9622955322265625,
        -0.6928501725196838
      ],
      [
        0.0,
        0.0,
        0.0,
        1.0
      ]
    ],
    [
      [
        0.9601334929466248,
        -0.05583206191658974,
        0.2739095091819763,
        -0.36301296949386597
      ],
      [
        0.05377448722720146,
        0.998440146446228,
        0.01502059493213892,
        0.04919276759028435
      ],
      [
        -0.2743208706378937,
        0.00030756587511859834,
        0.9616381525993347,
        -0.7017011046409607
      ],
      [
        0.0,
        0.0,
        0.0,
        1.0
      ]
    ],
    [
      [
        0.9613288640975952,
        -0.05651170760393143,
        0.2695426940917969,
        -0.3588191568851471
      ],
      [
        0.05400538444519043,
        0.9984008073806763,
        0.016711249947547913,
        0.048988744616508484
      ],
      [
        -0.27005600929260254,
        -0.0015082497848197818,
        0.9628434181213379,
        -0.7173603177070618
      ],
      [
        0.0,
        0.0,
        0.0,
        1.0
      ]
    ],
    [
      [
        0.9612137079238892,
        -0.05572589114308357,
        0.27011638879776,
        -0.3614611327648163
      ],
      [
        0.05284847319126129,
        0.998441755771637,
        0.017919618636369705,
        0.04864707216620445
      ],
      [
        -0.2706940174102783,
        -0.00294934562407434,
        0.9626609086990356,
        -0.7260696887969971
      ],
      [
        0.0,
        0.0,
        0.0,
        1.0
      ]
    ],
    [
      [
        0.9615357518196106,
        -0.05652537941932678,
        0.2688007652759552,
        -0.3617355227470398
      ],
      [
        0.053716808557510376,
        0.9983975887298584,
        0.017798202112317085,
        0.04926076531410217
      ],
      [
        -0.26937609910964966,
        -0.0026744850911200047,
        0.9630313515663147,
        -0.7379108667373657
      ],
      [
        0.0,
        0.0,
        0.0,
        1.0
      ]
    ],
    [
      [
        0.961205780506134,
        -0.05524258315563202,
        0.27024373412132263,
        -0.36647990345954895
      ],
      [
        0.05252145230770111,
        0.9984700083732605,
        0.01729600504040718,
        0.05070672556757927
      ],
      [
        -0.27078571915626526,
        -0.0024314282927662134,
        0.9626365900039673,
        -0.7471596598625183
      ],
      [
        0.0,
        0.0,
        0.0,
        1.0
      ]
    ],
    [
      [
        0.9609740972518921,
        -0.055193427950143814,
        0.2710765600204468,
        -0.37027761340141296
      ],
      [
        0.05216135084629059,
        0.9984694719314575,
        0.018383152782917023,
        0.052017517387866974
      ],
      [
        -0.27167630195617676,
        -0.0035260128788650036,
        0.9623822569847107,
        -0.7698088884353638
      ],
      [
        0.0,
        0.0,
        0.0,
        1.0
      ]
    ],
    [
      [
        0.9609972834587097,
        -0.055502697825431824,
        0.270931214094162,
        -0.3710993826389313
      ],
      [
        0.05251086503267288,
        0.9984529614448547,
        0.01828520931303501,
        0.05394190922379494
      ],
      [
        -0.27152693271636963,
        -0.0033452052157372236,
        0.9624250531196594,
        -0.7773765921592712
      ],
      [
        0.0,
        0.0,
        0.0,
        1.0
      ]
    ],
    [
      [
        0.9611307978630066,
        -0.055583372712135315,
        0.2704405188560486,
        -0.371585488319397
      ],
      [
        0.052348993718624115,
        0.9984449744224548,
        0.019163955003023148,
        0.05415711924433708
      ],
      [
        -0.27108514308929443,
        -0.004261781461536884,
        0.9625459313392639,
        -0.7870381474494934
      ],
      [
        0.0,
        0.0,
        0.0,
        1.0
      ]
    ],
    [
      [
        0.961523175239563,
        -0.05550290271639824,
        0.2690586447715759,
        -0.37061598896980286
      ],
      [
        0.05222759023308754,
        0.9984482526779175,
        0.019321950152516365,
        0.05559874325990677
      ],
      [
        -0.2697135806083679,
        -0.004526218399405479,
        0.9629299640655518,
        -0.7961201071739197
      ],
      [
        0.0,
        0.0,
        0.0,
        1.0
      ]
    ],
    [
      [
        0.9614429473876953,
        -0.05663738772273064,
        0.26910892128944397,
        -0.3737887740135193
      ],
      [
        0.05375055596232414,
        0.9983904957771301,
        0.018089840188622475,
        0.06006277725100517
      ],
      [
        -0.26970037817955017,
        -0.00292759551666677,
        0.9629398584365845,
        -0.8150127530097961
      ],
      [
        0.0,
        0.0,
        0.0,
        1.0
      ]
    ],
    [
      [
        0.9607129693031311,
        -0.0573299340903759,
        0.27155831456184387,
        -0.3794029951095581
      ],
      [
        0.054097019135951996,
        0.9983475208282471,
        0.019382555037736893,
        0.05933959409594536
      ],
      [
        -0.27222079038619995,
        -0.003930577542632818,
        0.9622268080711365,
        -0.8205934166908264
      ],
      [
        0.0,
        0.0,
        0.0,
        1.0
      ]
    ]
  ],
  "height": 480,
  "width": 768
}