{
  "intrinsic": [
    [
      805.9583740234375,
      0.0,
      384.0
    ],
    [
      0.0,
      805.9583740234375,
      240.0
    ],
    [
      0.0,
      0.0,
      1.0
    ]
  ],
  "extrinsic": [
    [
      [
        0.9999998807907104,
        -0.00010959611972793937,
        -0.0004342513857409358,
        0.0003315848298370838
      ],
      [
        0.00010953952732961625,
        1.0,
        -0.00013035097799729556,
        0.00022480380721390247
      ],
      [
        0.00043426567572169006,
        0.00013030340778641403,
        0.9999998807907104,
        0.0002364450047025457
      ],
      [
        0.0,
        0.0,
        0.0,
        1.0
      ]
    ],
    [
      [
        0.999920129776001,
        -0.001661494025029242,
        0.012527665123343468,
        -0.014730033464729786
      ],
      [
        0.0016321557341143489,
        0.9999958872795105,
        0.00235174223780632,
        -0.004050200339406729
      ],
      [
        -0.012531520798802376,
        -0.0023311073891818523,
        0.9999187588691711,
        -0.005430601537227631
      ],
      [
        0.0,
        0.0,
        0.0,
        1.0
      ]
    ],
    [
      [
        0.9999798536300659,
        -0.0005739923217333853,
        0.006324051413685083,
        -0.01270198356360197
      ],
      [
        0.0005727200186811388,
        0.9999998211860657,
        0.00020299384777899832,
        -0.0032525162678211927
      ],
      [
        -0.006324166897684336,
        -0.00019936785975005478,
        0.9999799728393555,
        -0.004734776448458433
      ],
      [
        0.0,
        0.0,
        0.0,
        1.0
      ]
    ],
    [
      [
        0.9999994039535522,
        0.0006422404549084604,
        0.0008566387114115059,
        -0.010529838502407074
      ],
      [
        -0.0006411915528587997,
        0.9999990463256836,
        -0.0012240879004821181,
        -0.0029523067642003298
      ],
      [
        -0.0008574240491725504,
        0.0012235379545018077,
        0.9999988675117493,
        -0.0038048250135034323
      ],
      [
        0.0,
        0.0,
        0.0,
        1.0
      ]
    ],
    [
      [
        0.9999549984931946,
        0.002196223009377718,
        -0.009229101240634918,
        -0.006888529751449823
      ],
      [
        -0.002245126059278846,
        0.9999834895133972,
        -0.00529175391420722,
        -0.0023208309430629015
      ],
      [
        0.009217328391969204,
        0.005312236025929451,
        0.9999434351921082,
        -0.0027766330167651176
      ],
      [
        0.0,
        0.0,
        0.0,
        1.0
      ]
    ],
    [
      [
        0.999832272529602,
        0.0026915273629128933,
        -0.018116477876901627,
        -0.0027233525179326534
      ],
      [
        -0.002843104302883148,
        0.9999611377716064,
        -0.008346249349415302,
        -0.0011660478776320815
      ],
      [
        0.018093308433890343,
        0.008396356366574764,
        0.9998010396957397,
        -0.0009301000973209739
      ],
      [
        0.0,
        0.0,
        0.0,
        1.0
      ]
    ],
    [
      [
        0.9996918439865112,
        0.00395979592576623,
        -0.02450614795088768,
        -0.0007665823213756084
      ],
      [
        -0.004222394898533821,
        0.9999341368675232,
        -0.01067319605499506,
        -0.00035555579233914614
      ],
      [
        0.024462271481752396,
        0.010773382149636745,
        0.9996427297592163,
        -0.00012274394975975156
      ],
      [
        0.0,
        0.0,
        0.0,
        1.0
      ]
    ],
    [
      [
        0.9994698762893677,
        0.004273826722055674,
        -0.032275568693876266,
        0.003703342517837882
      ],
      [
        -0.004749213345348835,
        0.9998811483383179,
        -0.014666734263300896,
        0.0011954557849094272
      ],
      [
        0.03220905363559723,
        0.014812242239713669,
        0.9993714094161987,
        0.0014057839289307594
      ],
      [
        0.0,
        0.0,
        0.0,
        1.0
      ]
    ],
    [
      [
        0.9991849660873413,
        0.00568812433630228,
        -0.039963796734809875,
        0.008287183940410614
      ],
      [
        -0.006436551455408335,
        0.9998058676719666,
        -0.01862398162484169,
        0.0023001390509307384
      ],
      [
        0.039850104600191116,
        0.018866030499339104,
        0.9990275502204895,
        0.004322369117289782
      ],
      [
        0.0,
        0.0,
        0.0,
        1.0
      ]
    ],
    [
      [
        0.9990131258964539,
        0.006091658491641283,
        -0.043996505439281464,
        0.012335759587585926
      ],
      [
        -0.007097921799868345,
        0.9997159242630005,
        -0.022751551121473312,
        0.004008195828646421
      ],
      [
        0.04384541139006615,
        0.023041384294629097,
        0.9987725615501404,
        0.005575301591306925
      ],
      [
        0.0,
        0.0,
        0.0,
        1.0
      ]
    ],
    [
      [
        0.9987476468086243,
        0.0067057255655527115,
        -0.04957972466945648,
        0.01739746518433094
      ],
      [
        -0.007969512604176998,
        0.9996472001075745,
        -0.02533639781177044,
        0.005485369358211756
      ],
      [
        0.04939233884215355,
        0.0256997961550951,
        0.9984487295150757,
        0.007924006320536137
      ],
      [
        0.0,
        0.0,
        0.0,
        1.0
      ]
    ],
    [
      [
        0.9986011385917664,
        0.00756063312292099,
        -0.05233195796608925,
        0.020916765555739403
      ],
      [
        -0.009021727368235588,
        0.9995744824409485,
        -0.02774004638195038,
        0.006039536092430353
      ],
      [
        0.05209995433688164,
        0.02817336656153202,
        0.9982444047927856,
        0.008494655601680279
      ],
      [
        0.0,
        0.0,
        0.0,
        1.0
      ]
    ],
    [
      [
        0.9983344078063965,
        0.008920113556087017,
        -0.05699845030903816,
        0.025656649842858315
      ],
      [
        -0.01060885563492775,
        0.9995115995407104,
        -0.029394302517175674,
        0.006459193769842386
      ],
      [
        0.056708406656980515,
        0.029950033873319626,
        0.9979414343833923,
        0.010278668254613876
      ],
      [
        0.0,
        0.0,
        0.0,
        1.0
      ]
    ],
    [
      [
        0.998151421546936,
        0.009383339434862137,
        -0.06004774197936058,
        0.02814321219921112
      ],
      [
        -0.01127811148762703,
        0.9994465708732605,
        -0.03129372373223305,
        0.006740904413163662
      ],
      [
        0.059720877557992935,
        0.03191310167312622,
        0.9977048635482788,
        0.011859653517603874
      ],
      [
        0.0,
        0.0,
        0.0,
        1.0
      ]
    ],
    [
      [
        0.9977890253067017,
        0.0108413677662611,
        -0.06557080894708633,
        0.03386006876826286
      ],
      [
        -0.012972509488463402,
        0.999398410320282,
        -0.032163411378860474,
        0.007351042237132788
      ],
      [
        0.06518267095088959,
        0.032942917197942734,
        0.9973294138908386,
        0.015034397132694721
      ],
      [
        0.0,
        0.0,
        0.0,
        1.0
      ]
    ],
    [
      [
        0.9973130226135254,
        0.012959872372448444,
        -0.07210269570350647,
        0.04208426922559738
      ],
      [
        -0.015398978255689144,
        0.9993242621421814,
        -0.033375829458236694,
        0.007568402215838432
      ],
      [
        0.07162143290042877,
        0.0343964584171772,
        0.9968386292457581,
        0.01839066483080387
      ],
      [
        0.0,
        0.0,
        0.0,
        1.0
      ]
    ],
    [
      [
        0.9968723654747009,
        0.01425182819366455,
        -0.07773298770189285,
        0.04863778129220009
      ],
      [
        -0.01703636907041073,
        0.9992323517799377,
        -0.03527713939547539,
        0.00704205920919776
      ],
      [
        0.07717055082321167,
        0.036491088569164276,
        0.9963498711585999,
        0.020271291956305504
      ],
      [
        0.0,
        0.0,
        0.0,
        1.0
      ]
    ],
    [
      [
        0.9963471293449402,
        0.015989594161510468,
        -0.08388527482748032,
        0.05546051263809204
      ],
      [
        -0.019234200939536095,
        0.9990920424461365,
        -0.038014575839042664,
        0.007577638607472181
      ],
      [
        0.08320127427577972,
        0.039489176124334335,
        0.9957500696182251,
        0.022343561053276062
      ],
      [
        0.0,
        0.0,
        0.0,
        1.0
      ]
    ],
    [
      [
        0.9958663582801819,
        0.01661435328423977,
        -0.08929844200611115,
        0.06354932487010956
      ],
      [
        -0.020143138244748116,
        0.9990454316139221,
        -0.03876194357872009,
        0.007770251948386431
      ],
      [
        0.08856919407844543,
        0.040400467813014984,
        0.9952503442764282,
        0.024674156680703163
      ],
      [
        0.0,
        0.0,
        0.0,
        1.0
      ]
    ],
    [
      [
        0.9955888390541077,
        0.017237097024917603,
        -0.092226542532444,
        0.07002346217632294
      ],
      [
        -0.020933397114276886,
        0.9990096688270569,
        -0.03926236182451248,
        0.007679523900151253
      ],
      [
        0.09145843237638474,
        0.04101978987455368,
        0.9949637055397034,
        0.026590820401906967
      ],
      [
        0.0,
        0.0,
        0.0,
        1.0
      ]
    ],
    [
      [
        0.9952583909034729,
        0.01739061437547207,
        -0.09569879621267319,
        0.07701900601387024
      ],
      [
        -0.021222572773694992,
        0.9990071058273315,
        -0.039170753210783005,
        0.007452310062944889
      ],
      [
        0.09492257982492447,
        0.041015997529029846,
        0.9946393370628357,
        0.02880343236029148
      ],
      [
        0.0,
        0.0,
        0.0,
        1.0
      ]
    ],
    [
      [
        0.9949864745140076,
        0.018118862062692642,
        -0.098354771733284,
        0.08415693789720535
      ],
      [
        -0.022258421406149864,
        0.998904824256897,
        -0.041155196726322174,
        0.008160186000168324
      ],
      [
        0.09750137478113174,
        0.043138086795806885,
        0.9943000674247742,
        0.031503330916166306
      ],
      [
        0.0,
        0.0,
        0.0,
        1.0
      ]
    ],
    [
      [
        0.9948866963386536,
        0.01793256774544716,
        -0.09939282387495041,
        0.09019482880830765
      ],
      [
        -0.021932879462838173,
        0.9989866614341736,
        -0.03930196538567543,
        0.008351169526576996
      ],
      [
        0.09858732670545578,
        0.041280969977378845,
        0.9942718148231506,
        0.034378111362457275
      ],
      [
        0.0,
        0.0,
        0.0,
        1.0
      ]
    ],
    [
      [
        0.9945414066314697,
        0.01800239458680153,
        -0.1027781218290329,
        0.09978818148374557
      ],
      [
        -0.022054441273212433,
        0.9990180730819702,
        -0.038425859063863754,
        0.008951586671173573
      ],
      [
        0.10198544710874557,
        0.04048282280564308,
        0.9939618110656738,
        0.03877625614404678
      ],
      [
        0.0,
        0.0,
        0.0,
        1.0
      ]
    ],
    [
      [
        0.994470477104187,
        0.01821225881576538,
        -0.10342524200677872,
        0.10591047257184982
      ],
      [
        -0.022342240437865257,
        0.9989927411079407,
        -0.038914911448955536,
        0.00939582847058773
      ],
      [
        0.10261233896017075,
        0.04101048409938812,
        0.9938756823539734,
        0.04149525240063667
      ],
      [
        0.0,
        0.0,
        0.0,
        1.0
      ]
    ],
    [
      [
        0.9944009780883789,
        0.01807347871363163,
        -0.10411560535430908,
        0.1138620600104332
      ],
      [
        -0.022252080962061882,
        0.9989869594573975,
        -0.03911343961954117,
        0.010801385156810284
      ],
      [
        0.1033032238483429,
        0.04121122881770134,
        0.9937958121299744,
        0.046136096119880676
      ],
      [
        0.0,
        0.0,
        0.0,
        1.0
      ]
    ],
    [
      [
        0.9944452047348022,
        0.019712982699275017,
        -0.10339292883872986,
        0.1206146627664566
      ],
      [
        -0.02378200925886631,
        0.9989843368530273,
        -0.03827090933918953,
        0.010765726678073406
      ],
      [
        0.1025334894657135,
        0.04051721468567848,
        0.9939040541648865,
        0.04752851650118828
      ],
      [
        0.0,
        0.0,
        0.0,
        1.0
      ]
    ],
    [
      [
        0.9944197535514832,
        0.018982356414198875,
        -0.10377417504787445,
        0.126529261469841
      ],
      [
        -0.02312544174492359,
        0.9989767074584961,
        -0.038867704570293427,
        0.010467535816133022
      ],
      [
        0.10293018817901611,
        0.041050639003515244,
        0.9938411712646484,
        0.050379280000925064
      ],
      [
        0.0,
        0.0,
        0.0,
        1.0
      ]
    ],
    [
      [
        0.9944475293159485,
        0.018665704876184464,
        -0.10356494784355164,
        0.1337098330259323
      ],
      [
        -0.02289757691323757,
        0.9989442825317383,
        -0.03982466459274292,
        0.011728961020708084
      ],
      [
        0.10271225869655609,
        0.041974928230047226,
        0.9938250780105591,
        0.054743580520153046
      ],
      [
        0.0,
        0.0,
        0.0,
        1.0
      ]
    ],
    [
      [
        0.9945216774940491,
        0.018764782696962357,
        -0.10283266007900238,
        0.14030420780181885
      ],
      [
        -0.022714629769325256,
        0.9990431070327759,
        -0.03737495094537735,
        0.010961889289319515
      ],
      [
        0.10203292220830917,
        0.03950599953532219,
        0.993996262550354,
        0.05979585275053978
      ],
      [
        0.0,
        0.0,
        0.0,
        1.0
      ]
    ],
    [
      [
        0.9948398470878601,
        0.01948905736207962,
        -0.09956827014684677,
        0.14640603959560394
      ],
      [
        -0.02335491217672825,
        0.9990119934082031,
        -0.03780917450785637,
        0.010821359232068062
      ],
      [
        0.09873303771018982,
        0.03993948549032211,
        0.9943121671676636,
        0.06250796467065811
      ],
      [
        0.0,
        0.0,
        0.0,
        1.0
      ]
    ],
    [
      [
        0.9949284791946411,
        0.01946255750954151,
        -0.09868413209915161,
        0.15551625192165375
      ],
      [
        -0.023300254717469215,
        0.9990103840827942,
        -0.03788641095161438,
        0.011097886599600315
      ],
      [
        0.09784910082817078,
        0.039993636310100555,
        0.9943973422050476,
        0.06751484423875809
      ],
      [
        0.0,
        0.0,
        0.0,
        1.0
      ]
    ],
    [
      [
        0.9952648878097534,
        0.018628433346748352,
        -0.09539809077978134,
        0.16282591223716736
      ],
      [
        -0.022345228120684624,
        0.9990262985229492,
        -0.03804192319512367,
        0.012328139506280422
      ],
      [
        0.09459654241800308,
        0.03999348357319832,
        0.9947120547294617,
        0.07229383289813995
      ],
      [
        0.0,
        0.0,
        0.0,
        1.0
      ]
    ],
    [
      [
        0.9955448508262634,
        0.01715637743473053,
        -0.09271511435508728,
        0.17211410403251648
      ],
      [
        -0.020678695291280746,
        0.9990952014923096,
        -0.03716452419757843,
        0.011753978207707405
      ],
      [
        0.09199361503124237,
        0.03891617804765701,
        0.9949988722801208,
        0.07415898144245148
      ],
      [
        0.0,
        0.0,
        0.0,
        1.0
      ]
    ],
    [
      [
        0.9961884021759033,
        0.015164244920015335,
        -0.08589926362037659,
        0.17940285801887512
      ],
      [
        -0.018559101969003677,
        0.999072253704071,
        -0.038861632347106934,
        0.012684212997555733
      ],
      [
        0.0852302610874176,
        0.040307722985744476,
        0.9955456256866455,
        0.07620012015104294
      ],
      [
        0.0,
        0.0,
        0.0,
        1.0
      ]
    ],
    [
      [
        0.9968506097793579,
        0.014037092216312885,
        -0.07805000245571136,
        0.1871982365846634
      ],
      [
        -0.01713111437857151,
        0.9990878701210022,
        -0.039114322513341904,
        0.014040736481547356
      ],
      [
        0.07742976397275925,
        0.04032822325825691,
        0.996181845664978,
        0.07944861054420471
      ],
      [
        0.0,
        0.0,
        0.0,
        1.0
      ]
    ],
    [
      [
        0.9976701140403748,
        0.013218097388744354,
        -0.06693042814731598,
        0.1943068951368332
      ],
      [
        -0.01569063402712345,
        0.9992085695266724,
        -0.03655198588967323,
        0.01376369222998619
      ],
      [
        0.06639430671930313,
        0.0375170074403286,
        0.9970878958702087,
        0.08060184121131897
      ],
      [
        0.0,
        0.0,
        0.0,
        1.0
      ]
    ],
    [
      [
        0.9983834028244019,
        0.01015742402523756,
        -0.055922895669937134,
        0.20207178592681885
      ],
      [
        -0.012075278908014297,
        0.9993466734886169,
        -0.03406421095132828,
        0.015578188002109528
      ],
      [
        0.05554035305976868,
        0.0346844308078289,
        0.9978538155555725,
        0.07671337574720383
      ],
      [
        0.0,
        0.0,
        0.0,
        1.0
      ]
    ],
    [
      [
        0.9990211129188538,
        0.0075133987702429295,
        -0.0435936413705349,
        0.21021035313606262
      ],
      [
        -0.008672353811562061,
        0.9996123313903809,
        -0.026457486674189568,
        0.016040712594985962
      ],
      [
        0.04337795823812485,
        0.02680964767932892,
        0.9986989498138428,
        0.07597322016954422
      ],
      [
        0.0,
        0.0,
        0.0,
        1.0
      ]
    ],
    [
      [
        0.9995138049125671,
        0.006540242582559586,
        -0.03048662282526493,
        0.21862563490867615
      ],
      [
        -0.0071984753012657166,
        0.9997422695159912,
        -0.021531343460083008,
        0.016889924183487892
      ],
      [
        0.030337944626808167,
        0.02174033410847187,
        0.9993032217025757,
        0.07213681191205978
      ],
      [
        0.0,
        0.0,
        0.0,
        1.0
      ]
    ],
    [
      [
        0.9998849034309387,
        0.0026785419322550297,
        -0.014935270883142948,
        0.22615429759025574
      ],
      [
        -0.0029636577237397432,
        0.9998131990432739,
        -0.01910075731575489,
        0.019489748403429985
      ],
      [
        0.014881319366395473,
        0.019142823293805122,
        0.9997060298919678,
        0.07099112868309021
      ],
      [
        0.0,
        0.0,
        0.0,
        1.0
      ]
    ],
    [
      [
        0.9999951124191284,
        0.0006176296737976372,
        0.003067846642807126,
        0.23544514179229736
      ],
      [
        -0.0005813504685647786,
        0.9999300837516785,
        -0.011812462471425533,
        0.020121389999985695
      ],
      [
        -0.003074927721172571,
        0.011810620315372944,
        0.9999255537986755,
        0.0634336993098259
      ],
      [
        0.0,
        0.0,
        0.0,
        1.0
      ]
    ],
    [
      [
        0.9997492432594299,
        -0.002622125903144479,
        0.02223857492208481,
        0.24324023723602295
      ],
      [
        0.00271347863599658,
        0.9999880194664001,
        -0.004078657831996679,
        0.022585570812225342
      ],
      [
        -0.022227613255381584,
        0.0041379788890480995,
        0.9997443556785583,
        0.0591471865773201
      ],
      [
        0.0,
        0.0,
        0.0,
        1.0
      ]
    ],
    [
      [
        0.9990637302398682,
        -0.006697486620396376,
        0.042741019278764725,
        0.2509935200214386
      ],
      [
        0.006514056585729122,
        0.999968945980072,
        0.004429489839822054,
        0.023157481104135513
      ],
      [
        -0.042769357562065125,
        -0.004146925173699856,
        0.9990763664245605,
        0.05524463579058647
      ],
      [
        0.0,
        0.0,
        0.0,
        1.0
      ]
    ],
    [
      [
        0.9980868697166443,
        -0.010072642005980015,
        0.06100146844983101,
        0.261326402425766
      ],
      [
        0.00922325998544693,
        0.9998567700386047,
        0.014189568348228931,
        0.02454926073551178
      ],
      [
        -0.061135657131671906,
        -0.013599788770079613,
        0.998036801815033,
        0.05005013570189476
      ],
      [
        0.0,
        0.0,
        0.0,
        1.0
      ]
    ],
    [
      [
        0.9966862797737122,
        -0.012708794325590134,
        0.08034246414899826,
        0.26849591732025146
      ],
      [
        0.011027484200894833,
        0.9997115731239319,
        0.021335972473025322,
        0.026329122483730316
      ],
      [
        -0.08059044927358627,
        -0.02037929557263851,
        0.9965389370918274,
        0.04163263365626335
      ],
      [
        0.0,
        0.0,
        0.0,
        1.0
      ]
    ],
    [
      [
        0.9947445392608643,
        -0.016591742634773254,
        0.10103499889373779,
        0.2746307849884033
      ],
      [
        0.013679662719368935,
        0.9994727373123169,
        0.029447464272379875,
        0.028416933491826057
      ],
      [
        -0.10147031396627426,
        -0.02791057713329792,
        0.9944469928741455,
        0.03192900866270065
      ],
      [
        0.0,
        0.0,
        0.0,
        1.0
      ]
    ],
    [
      [
        0.9926357269287109,
        -0.019073428586125374,
        0.11962665617465973,
        0.28247272968292236
      ],
      [
        0.014385530725121498,
        0.9990989565849304,
        0.03992965444922447,
        0.03005559928715229
      ],
      [
        -0.12028045952320099,
        -0.0379147082567215,
        0.9920156598091125,
        0.03019808605313301
      ],
      [
        0.0,
        0.0,
        0.0,
        1.0
      ]
    ],
    [
      [
        0.9902799129486084,
        -0.021806983277201653,
        0.1373685598373413,
        0.2891700863838196
      ],
      [
        0.015579805709421635,
        0.9988086223602295,
        0.04624518007040024,
        0.033944021910429
      ],
      [
        -0.1382133662700653,
        -0.04365549609065056,
        0.989439845085144,
        0.023280059918761253
      ],
      [
        0.0,
        0.0,
        0.0,
        1.0
      ]
    ],
    [
      [
        0.9877459406852722,
        -0.025012850761413574,
        0.15405288338661194,
        0.2961351275444031
      ],
      [
        0.016517309471964836,
        0.9982839226722717,
        0.0561821311712265,
        0.03578317537903786
      ],
      [
        -0.15519379079341888,
        -0.05294913053512573,
        0.9864640235900879,
        0.01776621676981449
      ],
      [
        0.0,
        0.0,
        0.0,
        1.0
      ]
    ],
    [
      [
        0.9849633574485779,
        -0.027830323204398155,
        0.17050710320472717,
        0.30402296781539917
      ],
      [
        0.017011618241667747,
        0.9977671504020691,
        0.06458594650030136,
        0.03825003653764725
      ],
      [
        -0.17192384600639343,
        -0.06071419268846512,
        0.9832375049591064,
        0.009807463735342026
      ],
      [
        0.0,
        0.0,
        0.0,
        1.0
      ]
    ],
    [
      [
        0.9820982217788696,
        -0.030412858352065086,
        0.1858980506658554,
        0.31074628233909607
      ],
      [
        0.016736947000026703,
        0.9970657229423523,
        0.07469843327999115,
        0.03895435854792595
      ],
      [
        -0.18762436509132385,
        -0.07024983316659927,
        0.9797254800796509,
        0.0049035013653337955
      ],
      [
        0.0,
        0.0,
        0.0,
        1.0
      ]
    ],
    [
      [
        0.9788603782653809,
        -0.03383876010775566,
        0.20171093940734863,
        0.3178233802318573
      ],
      [
        0.017063459381461143,
        0.9962916374206543,
        0.08433125168085098,
        0.04050971940159798
      ],
      [
        -0.20381659269332886,
        -0.07910662889480591,
        0.9758078455924988,
        0.0011904066195711493
      ],
      [
        0.0,
        0.0,
        0.0,
        1.0
      ]
    ],
    [
      [
        0.9752295017242432,
        -0.036426421254873276,
        0.2181755006313324,
        0.32411104440689087
      ],
      [
        0.015955330803990364,
        0.9953622221946716,
        0.09486570954322815,
        0.04123948514461517
      ],
      [
        -0.22061924636363983,
        -0.0890347808599472,
        0.9712877869606018,
        -0.006316547282040119
      ],
      [
        0.0,
        0.0,
        0.0,
        1.0
      ]
    ],
    [
      [
        0.9721426963806152,
        -0.038472291082143784,
        0.2312108427286148,
        0.33232051134109497
      ],
      [
        0.01488040667027235,
        0.9945776462554932,
        0.1029268279671669,
        0.04113249108195305
      ],
      [
        -0.2339169681072235,
        -0.09661906212568283,
        0.9674438834190369,
        -0.010759829543530941
      ],
      [
        0.0,
        0.0,
        0.0,
        1.0
      ]
    ],
    [
      [
        0.968166172504425,
        -0.042504601180553436,
        0.2466731071472168,
        0.33772537112236023
      ],
      [
        0.015816085040569305,
        0.9938958287239075,
        0.10918315500020981,
        0.04329465702176094
      ],
      [
        -0.24980813264846802,
        -0.10180603712797165,
        0.9629285931587219,
        -0.02048160508275032
      ],
      [
        0.0,
        0.0,
        0.0,
        1.0
      ]
    ],
    [
      [
        0.9651911854743958,
        -0.04419497027993202,
        0.2577844262123108,
        0.34617316722869873
      ],
      [
        0.013574459590017796,
        0.9927564859390259,
        0.11937452852725983,
        0.042184531688690186
      ],
      [
        -0.2611928880214691,
        -0.11171995848417282,
        0.9587997198104858,
        -0.02814633958041668
      ],
      [
        0.0,
        0.0,
        0.0,
        1.0
      ]
    ],
    [
      [
        0.9624252319335938,
        -0.04650280252099037,
        0.26753532886505127,
        0.352302223443985
      ],
      [
        0.012060035951435566,
        0.9915751218795776,
        0.1289704293012619,
        0.043800219893455505
      ],
      [
        -0.27127882838249207,
        -0.12089789658784866,
        0.9548777341842651,
        -0.0333857424557209
      ],
      [
        0.0,
        0.0,
        0.0,
        1.0
      ]
    ],
    [
      [
        0.959830105304718,
        -0.04797038063406944,
        0.2764507830142975,
        0.35886991024017334
      ],
      [
        0.010196833871304989,
        0.9905894994735718,
        0.1364862024784088,
        0.0451776385307312
      ],
      [
        -0.28039655089378357,
        -0.12818464636802673,
        0.9512867331504822,
        -0.037326425313949585
      ],
      [
        0.0,
        0.0,
        0.0,
        1.0
      ]
    ],
    [
      [
        0.9570230841636658,
        -0.04915733262896538,
        0.2858152985572815,
        0.3645871579647064
      ],
      [
        0.00741181056946516,
        0.9893538355827332,
        0.145341157913208,
        0.04443315416574478
      ],
      [
        -0.2899170219898224,
        -0.1369764357805252,
        0.9471988081932068,
        -0.04253977909684181
      ],
      [
        0.0,
        0.0,
        0.0,
        1.0
      ]
    ],
    [
      [
        0.9551645517349243,
        -0.05095542222261429,
        0.29165780544281006,
        0.3703259825706482
      ],
      [
        0.006552244536578655,
        0.9884756803512573,
        0.15123794972896576,
        0.04676328971982002
      ],
      [
        -0.2960030436515808,
        -0.14254611730575562,
        0.9444907903671265,
        -0.04508107528090477
      ],
      [
        0.0,
        0.0,
        0.0,
        1.0
      ]
    ],
    [
      [
        0.9525464177131653,
        -0.05177682265639305,
        0.2999575436115265,
        0.3748430013656616
      ],
      [
        0.0036722600925713778,
        0.9873101115226746,
        0.15876173973083496,
        0.045177288353443146
      ],
      [
        -0.30437129735946655,
        -0.1501264125108719,
        0.9406487941741943,
        -0.05286453291773796
      ],
      [
        0.0,
        0.0,
        0.0,
        1.0
      ]
    ],
    [
      [
        0.9504966139793396,
        -0.052912332117557526,
        0.30619683861732483,
        0.37928101420402527
      ],
      [
        0.0014104624278843403,
        0.9861200451850891,
        0.16602806746959686,
        0.04634410887956619
      ],
      [
        -0.31073176860809326,
        -0.1573772430419922,
        0.9373783469200134,
        -0.05591658875346184
      ],
      [
        0.0,
        0.0,
        0.0,
        1.0
      ]
    ],
    [
      [
        0.9475718140602112,
        -0.05310084670782089,
        0.31509995460510254,
        0.3834201693534851
      ],
      [
        -0.002932831645011902,
        0.984609067440033,
        0.17474660277366638,
        0.04499543458223343
      ],
      [
        -0.3195294737815857,
        -0.16650907695293427,
        0.9328320622444153,
        -0.06254368275403976
      ],
      [
        0.0,
        0.0,
        0.0,
        1.0
      ]
    ],
    [
      [
        0.9446971416473389,
        -0.05417700484395027,
        0.32343801856040955,
        0.3875896632671356
      ],
      [
        -0.005049298983067274,
        0.9837399125099182,
        0.1795278787612915,
        0.04500558227300644
      ],
      [
        -0.32790517807006836,
        -0.17123261094093323,
        0.9290627241134644,
        -0.06919217109680176
      ],
      [
        0.0,
        0.0,
        0.0,
        1.0
      ]
    ],
    [
      [
        0.941594660282135,
        -0.05442841351032257,
        0.3323206901550293,
        0.39116981625556946
      ],
      [
        -0.00796547718346119,
        0.9829755425453186,
        0.18356381356716156,
        0.04393894970417023
      ],
      [
        -0.3366541862487793,
        -0.17548979818820953,
        0.9251309633255005,
        -0.07709375023841858
      ],
      [
        0.0,
        0.0,
        0.0,
        1.0
      ]
    ],
    [
      [
        0.9386094808578491,
        -0.05501357838511467,
        0.3405667543411255,
        0.39621081948280334
      ],
      [
        -0.010721363127231598,
        0.982074499130249,
        0.1881880909204483,
        0.04296344891190529
      ],
      [
        -0.34481483697891235,
        -0.1802864521741867,
        0.9211946129798889,
        -0.08486298471689224
      ],
      [
        0.0,
        0.0,
        0.0,
        1.0
      ]
    ],
    [
      [
        0.9338918924331665,
        -0.05787547677755356,
        0.35284045338630676,
        0.3970569372177124
      ],
      [
        -0.01247482467442751,
        0.9809382557868958,
        0.193918839097023,
        0.042425621300935745
      ],
      [
        -0.3573378324508667,
        -0.1855008453130722,
        0.9153682589530945,
        -0.09028974175453186
      ],
      [
        0.0,
        0.0,
        0.0,
        1.0
      ]
    ],
    [
      [
        0.9298981428146362,
        -0.05945517495274544,
        0.36298003792762756,
        0.399739146232605
      ],
      [
        -0.013905677944421768,
        0.980461061000824,
        0.19622111320495605,
        0.04261935502290726
      ],
      [
        -0.3675541579723358,
        -0.18751312792301178,
        0.9109021425247192,
        -0.09829173237085342
      ],
      [
        0.0,
        0.0,
        0.0,
        1.0
      ]
    ],
    [
      [
        0.9254282116889954,
        -0.06165663152933121,
        0.3738730847835541,
        0.40247660875320435
      ],
      [
        -0.015421735122799873,
        0.979727029800415,
        0.19974258542060852,
        0.04250197857618332
      ],
      [
        -0.3786090314388275,
        -0.19061321020126343,
        0.9057161808013916,
        -0.10980618745088577
      ],
      [
        0.0,
        0.0,
        0.0,
        1.0
      ]
    ],
    [
      [
        0.921627402305603,
        -0.063003771007061,
        0.3829275369644165,
        0.40570002794265747
      ],
      [
        -0.016853198409080505,
        0.9793046116828918,
        0.2016889601945877,
        0.04285736754536629
      ],
      [
        -0.3877098560333252,
        -0.19233563542366028,
        0.9014921188354492,
        -0.11851908266544342
      ],
      [
        0.0,
        0.0,
        0.0,
        1.0
      ]
    ],
    [
      [
        0.9170596599578857,
        -0.06476236134767532,
        0.3934556841850281,
        0.40783026814460754
      ],
      [
        -0.01815640740096569,
        0.9789175391197205,
        0.2034473419189453,
        0.04389665275812149
      ],
      [
        -0.39833638072013855,
        -0.1937171071767807,
        0.8965499401092529,
        -0.1317829042673111
      ],
      [
        0.0,
        0.0,
        0.0,
        1.0
      ]
    ],
    [
      [
        0.9116015434265137,
        -0.06651226431131363,
        0.40565842390060425,
        0.4088082015514374
      ],
      [
        -0.02108294516801834,
        0.977959930896759,
        0.20772545039653778,
        0.04350597411394119
      ],
      [
        -0.41053399443626404,
        -0.19791531562805176,
        0.8901075124740601,
        -0.14415545761585236
      ],
      [
        0.0,
        0.0,
        0.0,
        1.0
      ]
    ],
    [
      [
        0.9058012366294861,
        -0.06853502988815308,
        0.41812336444854736,
        0.4092691242694855
      ],
      [
        -0.021991312503814697,
        0.9778966903686523,
        0.20792892575263977,
        0.04543303698301315
      ],
      [
        -0.4231318533420563,
        -0.197537362575531,
        0.8842728137969971,
        -0.15483659505844116
      ],
      [
        0.0,
        0.0,
        0.0,
        1.0
      ]
    ],
    [
      [
        0.901516854763031,
        -0.07048612087965012,
        0.4269648790359497,
        0.4137210249900818
      ],
      [
        -0.02279091812670231,
        0.9775427579879761,
        0.2095010131597519,
        0.04764871299266815
      ],
      [
        -0.43214336037635803,
        -0.19859963655471802,
        0.8796648979187012,
        -0.1644946187734604
      ],
      [
        0.0,
        0.0,
        0.0,
        1.0
      ]
    ],
    [
      [
        0.8938044309616089,
        -0.0744718536734581,
        0.4422301650047302,
        0.4124714732170105
      ],
      [
        -0.02381121553480625,
        0.9768433570861816,
        0.2126266360282898,
        0.04840008169412613
      ],
      [
        -0.4478243291378021,
        -0.20057667791843414,
        0.8713337182998657,
        -0.17617730796337128
      ],
      [
        0.0,
        0.0,
        0.0,
        1.0
      ]
    ],
    [
      [
        0.8865026235580444,
        -0.07668715715408325,
        0.45632466673851013,
        0.41147342324256897
      ],
      [
        -0.025468939915299416,
        0.976589560508728,
        0.21359825134277344,
        0.050797607749700546
      ],
      [
        -0.4620221257209778,
        -0.20097751915454865,
        0.8637959957122803,
        -0.18675588071346283
      ],
      [
        0.0,
        0.0,
        0.0,
        1.0
      ]
    ],
    [
      [
        0.8781901597976685,
        -0.07715976983308792,
        0.47204700112342834,
        0.4106970727443695
      ],
      [
        -0.030450182035565376,
        0.9758819937705994,
        0.21616464853286743,
        0.048724520951509476
      ],
      [
        -0.47734135389328003,
        -0.20420759916305542,
        0.8546604514122009,
        -0.20085777342319489
      ],
      [
        0.0,
        0.0,
        0.0,
        1.0
      ]
    ],
    [
      [
        0.8693087100982666,
        -0.08184763789176941,
        0.48744574189186096,
        0.4092864394187927
      ],
      [
        -0.029460053890943527,
        0.9758608937263489,
        0.2163970023393631,
        0.051291294395923615
      ],
      [
        -0.493390828371048,
        -0.20247596502304077,
        0.8459131121635437,
        -0.21248121559619904
      ],
      [
        0.0,
        0.0,
        0.0,
        1.0
      ]
    ],
    [
      [
        0.8598283529281616,
        -0.08316513895988464,
        0.5037646293640137,
        0.40835288166999817
      ],
      [
        -0.03315764665603638,
        0.9754677414894104,
        0.2176310122013092,
        0.04975425451993942
      ],
      [
        -0.5095053911209106,
        -0.20382896065711975,
        0.8359772562980652,
        -0.22815772891044617
      ],
      [
        0.0,
        0.0,
        0.0,
        1.0
      ]
    ],
    [
      [
        0.8497173190116882,
        -0.08622105419635773,
        0.5201407074928284,
        0.4066619873046875
      ],
      [
        -0.03401673212647438,
        0.9755170345306396,
        0.2172771692276001,
        0.049275219440460205
      ],
      [
        -0.526140034198761,
        -0.20231766998767853,
        0.8259807825088501,
        -0.2423139214515686
      ],
      [
        0.0,
        0.0,
        0.0,
        1.0
      ]
    ]
  ],
  "height": 480,
  "width": 768
}