{
  "intrinsic": [
    [
      382.3941955566406,
      0.0,
      384.0
    ],
    [
      0.0,
      382.3941955566406,
      240.0
    ],
    [
      0.0,
      0.0,
      1.0
    ]
  ],
  "extrinsic": [
    [
      [
        0.9999999403953552,
        0.00023308426898438483,
        0.00018071731028612703,
        -8.901442924980074e-07
      ],
      [
        -0.0002330782444914803,
        1.0,
        -3.3398635423509404e-05,
        5.302763020154089e-05
      ],
      [
        -0.00018072508100885898,
        3.3356514904880896e-05,
        1.0,
        0.00017685274360701442
      ],
      [
        0.0,
        0.0,
        0.0,
        1.0
      ]
    ],
    [
      [
        0.9998786449432373,
        0.0005370472208596766,
        -0.01557041797786951,
        0.0024081713054329157
      ],
      [
        -0.000532312027644366,
        0.9999998211860657,
        0.00030825892463326454,
        0.00022389114019460976
      ],
      [
        0.015570580027997494,
        -0.00029993319185450673,
        0.9998787045478821,
        -0.005812011193484068
      ],
      [
        0.0,
        0.0,
        0.0,
        1.0
      ]
    ],
    [
      [
        0.9996395111083984,
        0.0011158788111060858,
        -0.026825042441487312,
        0.001509366324171424
      ],
      [
        -0.0010869399411603808,
        0.9999988079071045,
        0.0010933569865301251,
        1.9356171833351254e-05
      ],
      [
        0.02682623080909252,
        -0.0010638056555762887,
        0.9996395707130432,
        -0.0033424790017306805
      ],
      [
        0.0,
        0.0,
        0.0,
        1.0
      ]
    ],
    [
      [
        0.999264121055603,
        0.0011005732230842113,
        -0.038340747356414795,
        0.0010919790947809815
      ],
      [
        -0.0010926728136837482,
        0.9999994039535522,
        0.00022701610578224063,
        0.0002583784516900778
      ],
      [
        0.0383409708738327,
        -0.00018495514814276248,
        0.9992647171020508,
        -0.0021977040451020002
      ],
      [
        0.0,
        0.0,
        0.0,
        1.0
      ]
    ],
    [
      [
        0.9981757402420044,
        0.001995182130485773,
        -0.06034199893474579,
        3.0883820727467537e-06
      ],
      [
        -0.0019436514703556895,
        0.9999976754188538,
        0.000912657065782696,
        -0.00018172601994592696
      ],
      [
        0.06034368276596069,
        -0.0007937083719298244,
        0.9981773495674133,
        -7.938820635899901e-05
      ],
      [
        0.0,
        0.0,
        0.0,
        1.0
      ]
    ],
    [
      [
        0.9967448115348816,
        0.002530630910769105,
        -0.08058129251003265,
        -0.0020984895527362823
      ],
      [
        -0.0025119020137935877,
        0.9999967813491821,
        0.0003337959060445428,
        -0.0006774322246201336
      ],
      [
        0.08058187365531921,
        -0.00013029704859945923,
        0.9967479705810547,
        0.003947900142520666
      ],
      [
        0.0,
        0.0,
        0.0,
        1.0
      ]
    ],
    [
      [
        0.9946262240409851,
        0.0030053153168410063,
        -0.10348747670650482,
        -0.002308516763150692
      ],
      [
        -0.003261633450165391,
        0.9999920129776001,
        -0.0023076694924384356,
        -0.00026432459708303213
      ],
      [
        0.10347971320152283,
        0.0026328067760914564,
        0.9946280717849731,
        0.008079149760305882
      ],
      [
        0.0,
        0.0,
        0.0,
        1.0
      ]
    ],
    [
      [
        0.9921638369560242,
        0.004844202194362879,
        -0.12484953552484512,
        -0.0038576750084757805
      ],
      [
        -0.00491709727793932,
        0.9999879002571106,
        -0.00027571304235607386,
        -0.001647233497351408
      ],
      [
        0.1248466894030571,
        0.0008874498307704926,
        0.9921756386756897,
        0.015834107995033264
      ],
      [
        0.0,
        0.0,
        0.0,
        1.0
      ]
    ],
    [
      [
        0.9896064400672913,
        0.0054048229940235615,
        -0.14370058476924896,
        -0.0066494327038526535
      ],
      [
        -0.005551076959818602,
        0.9999843835830688,
        -0.0006168600521050394,
        -0.002241702750325203
      ],
      [
        0.14369501173496246,
        0.0014081415720283985,
        0.9896210432052612,
        0.02630125731229782
      ],
      [
        0.0,
        0.0,
        0.0,
        1.0
      ]
    ],
    [
      [
        0.9864040613174438,
        0.006097290199249983,
        -0.16422507166862488,
        -0.00830000452697277
      ],
      [
        -0.006458533462136984,
        0.9999777674674988,
        -0.0016658187378197908,
        -0.0026865433901548386
      ],
      [
        0.164211243391037,
        0.002703823382034898,
        0.9864214658737183,
        0.03799978643655777
      ],
      [
        0.0,
        0.0,
        0.0,
        1.0
      ]
    ],
    [
      [
        0.9829956889152527,
        0.006771333981305361,
        -0.18350383639335632,
        -0.011824219487607479
      ],
      [
        -0.0068860528990626335,
        0.9999762773513794,
        1.2061694178555626e-05,
        -0.003891057800501585
      ],
      [
        0.18349957466125488,
        0.0012517605209723115,
        0.9830189943313599,
        0.050745103508234024
      ],
      [
        0.0,
        0.0,
        0.0,
        1.0
      ]
    ],
    [
      [
        0.9793497323989868,
        0.007857547141611576,
        -0.20202061533927917,
        -0.015373842790722847
      ],
      [
        -0.008130821399390697,
        0.9999668002128601,
        -0.0005228679510764778,
        -0.004460620228201151
      ],
      [
        0.20200979709625244,
        0.0021546639036387205,
        0.9793811440467834,
        0.06554820388555527
      ],
      [
        0.0,
        0.0,
        0.0,
        1.0
      ]
    ],
    [
      [
        0.9753338098526001,
        0.008391301147639751,
        -0.22057534754276276,
        -0.018995564430952072
      ],
      [
        -0.00884693581610918,
        0.9999603033065796,
        -0.001077850116416812,
        -0.004587860777974129
      ],
      [
        0.2205575406551361,
        0.003002679906785488,
        0.9753693342208862,
        0.07883838564157486
      ],
      [
        0.0,
        0.0,
        0.0,
        1.0
      ]
    ],
    [
      [
        0.970945417881012,
        0.009706513024866581,
        -0.2391040325164795,
        -0.02238037809729576
      ],
      [
        -0.00994267500936985,
        0.9999505281448364,
        0.00021847462630830705,
        -0.0056235333904623985
      ],
      [
        0.2390943318605423,
        0.0021652064751833677,
        0.9709939360618591,
        0.09161347150802612
      ],
      [
        0.0,
        0.0,
        0.0,
        1.0
      ]
    ],
    [
      [
        0.9669507145881653,
        0.01050699595361948,
        -0.25474679470062256,
        -0.027867186814546585
      ],
      [
        -0.010868541896343231,
        0.9999409317970276,
        -1.1653127330646385e-05,
        -0.0058553749695420265
      ],
      [
        0.2547316253185272,
        0.0027799943927675486,
        0.9670078158378601,
        0.10352963209152222
      ],
      [
        0.0,
        0.0,
        0.0,
        1.0
      ]
    ],
    [
      [
        0.9620532393455505,
        0.011240493506193161,
        -0.2726302444934845,
        -0.03208842873573303
      ],
      [
        -0.01217102911323309,
        0.9999244213104248,
        -0.0017222326714545488,
        -0.005885908380150795
      ],
      [
        0.2725902795791626,
        0.004975070245563984,
        0.9621173143386841,
        0.11390716582536697
      ],
      [
        0.0,
        0.0,
        0.0,
        1.0
      ]
    ],
    [
      [
        0.9575136303901672,
        0.011605541221797466,
        -0.2881544232368469,
        -0.03537178039550781
      ],
      [
        -0.012411940842866898,
        0.999922513961792,
        -0.0009715664200484753,
        -0.005651700310409069
      ],
      [
        0.2881208062171936,
        0.004506844095885754,
        0.957583487033844,
        0.12125200778245926
      ],
      [
        0.0,
        0.0,
        0.0,
        1.0
      ]
    ],
    [
      [
        0.9538376331329346,
        0.012899704277515411,
        -0.30004560947418213,
        -0.04025609791278839
      ],
      [
        -0.013085011392831802,
        0.9999133944511414,
        0.00139182701241225,
        -0.005755074322223663
      ],
      [
        0.30003759264945984,
        0.0025985233951359987,
        0.9539238214492798,
        0.1295463889837265
      ],
      [
        0.0,
        0.0,
        0.0,
        1.0
      ]
    ],
    [
      [
        0.9505736231803894,
        0.013194289058446884,
        -0.31021878123283386,
        -0.04665449261665344
      ],
      [
        -0.013488746248185635,
        0.9999083280563354,
        0.0011960392585024238,
        -0.00607443368062377
      ],
      [
        0.3102060854434967,
        0.003047538921236992,
        0.9506644606590271,
        0.14032559096813202
      ],
      [
        0.0,
        0.0,
        0.0,
        1.0
      ]
    ],
    [
      [
        0.9467476606369019,
        0.013883581385016441,
        -0.321677029132843,
        -0.04974167048931122
      ],
      [
        -0.014674482867121696,
        0.9998922944068909,
        -3.402778020245023e-05,
        -0.006926963105797768
      ],
      [
        0.3216419517993927,
        0.004752660635858774,
        0.9468494653701782,
        0.1506650149822235
      ],
      [
        0.0,
        0.0,
        0.0,
        1.0
      ]
    ],
    [
      [
        0.9438928365707397,
        0.013676580041646957,
        -0.32996848225593567,
        -0.05409497767686844
      ],
      [
        -0.014389581978321075,
        0.9998964071273804,
        0.0002816618070937693,
        -0.007674179971218109
      ],
      [
        0.3299381732940674,
        0.004482250660657883,
        0.9439918994903564,
        0.1601225733757019
      ],
      [
        0.0,
        0.0,
        0.0,
        1.0
      ]
    ],
    [
      [
        0.9412404894828796,
        0.01433174405246973,
        -0.337432861328125,
        -0.05962703377008438
      ],
      [
        -0.014586606994271278,
        0.999891996383667,
        0.001780180842615664,
        -0.007846398279070854
      ],
      [
        0.3374219536781311,
        0.00324642239138484,
        0.9413478970527649,
        0.16694635152816772
      ],
      [
        0.0,
        0.0,
        0.0,
        1.0
      ]
    ],
    [
      [
        0.939452052116394,
        0.014719953760504723,
        -0.34236404299736023,
        -0.06440488249063492
      ],
      [
        -0.01547231711447239,
        0.9998801350593567,
        0.0005336138419806957,
        -0.007669580169022083
      ],
      [
        0.34233084321022034,
        0.0047958604991436005,
        0.9395672082901001,
        0.1777736097574234
      ],
      [
        0.0,
        0.0,
        0.0,
        1.0
      ]
    ],
    [
      [
        0.9380860328674316,
        0.014345379546284676,
        -0.3461051285266876,
        -0.06842724978923798
      ],
      [
        -0.015364433638751507,
        0.9998819231987,
        -0.000200733047677204,
        -0.008725812658667564
      ],
      [
        0.3460614085197449,
        0.005506014451384544,
        0.9381957054138184,
        0.1883191019296646
      ],
      [
        0.0,
        0.0,
        0.0,
        1.0
      ]
    ],
    [
      [
        0.9370037913322449,
        0.01474489364773035,
        -0.34900790452957153,
        -0.07237429916858673
      ],
      [
        -0.015505225397646427,
        0.9998795986175537,
        0.0006150699337013066,
        -0.009258243255317211
      ],
      [
        0.34897497296333313,
        0.0048351227305829525,
        0.9371196031570435,
        0.1994074583053589
      ],
      [
        0.0,
        0.0,
        0.0,
        1.0
      ]
    ],
    [
      [
        0.9359699487686157,
        0.014944194816052914,
        -0.35176268219947815,
        -0.0746535137295723
      ],
      [
        -0.015962699428200722,
        0.9998725652694702,
        4.78765468869824e-06,
        -0.010286570526659489
      ],
      [
        0.35171791911125183,
        0.005610600579530001,
        0.9360892176628113,
        0.2085491567850113
      ],
      [
        0.0,
        0.0,
        0.0,
        1.0
      ]
    ],
    [
      [
        0.9347992539405823,
        0.015008985064923763,
        -0.354859322309494,
        -0.07532928138971329
      ],
      [
        -0.016465788707137108,
        0.999863862991333,
        -0.0010856831213459373,
        -0.01112021692097187
      ],
      [
        0.3547947406768799,
        0.006857933942228556,
        0.9349190592765808,
        0.2171696573495865
      ],
      [
        0.0,
        0.0,
        0.0,
        1.0
      ]
    ],
    [
      [
        0.9341493248939514,
        0.015228156931698322,
        -0.35655736923217773,
        -0.0768793597817421
      ],
      [
        -0.016431037336587906,
        0.999864935874939,
        -0.00034480312024243176,
        -0.012783069163560867
      ],
      [
        0.356503963470459,
        0.00618070550262928,
        0.934273362159729,
        0.22733575105667114
      ],
      [
        0.0,
        0.0,
        0.0,
        1.0
      ]
    ],
    [
      [
        0.9335281848907471,
        0.015249443240463734,
        -0.35817950963974,
        -0.07754091918468475
      ],
      [
        -0.01626543328166008,
        0.9998676776885986,
        0.00017640690202824771,
        -0.013362140394747257
      ],
      [
        0.35813480615615845,
        0.005661264527589083,
        0.9336526989936829,
        0.23750239610671997
      ],
      [
        0.0,
        0.0,
        0.0,
        1.0
      ]
    ],
    [
      [
        0.9325507879257202,
        0.014827174134552479,
        -0.3607342541217804,
        -0.07838303595781326
      ],
      [
        -0.015843646600842476,
        0.999874472618103,
        0.0001394619030179456,
        -0.013012507930397987
      ],
      [
        0.3606910705566406,
        0.005585291888564825,
        0.9326686263084412,
        0.24386189877986908
      ],
      [
        0.0,
        0.0,
        0.0,
        1.0
      ]
    ],
    [
      [
        0.9321240186691284,
        0.014949589967727661,
        -0.36183053255081177,
        -0.07966852933168411
      ],
      [
        -0.015661848708987236,
        0.999876856803894,
        0.0009644421515986323,
        -0.01322874240577221
      ],
      [
        0.3618003726005554,
        0.00476795481517911,
        0.9322434067726135,
        0.25114911794662476
      ],
      [
        0.0,
        0.0,
        0.0,
        1.0
      ]
    ],
    [
      [
        0.9311702251434326,
        0.015069566667079926,
        -0.36427316069602966,
        -0.0795714408159256
      ],
      [
        -0.016019649803638458,
        0.9998716115951538,
        0.00041345847421325743,
        -0.013275294564664364
      ],
      [
        0.3642326295375824,
        0.005450528580695391,
        0.9312920570373535,
        0.25915998220443726
      ],
      [
        0.0,
        0.0,
        0.0,
        1.0
      ]
    ],
    [
      [
        0.9290829300880432,
        0.01465807855129242,
        -0.36958086490631104,
        -0.0809137225151062
      ],
      [
        -0.01580776460468769,
        0.9998750686645508,
        -8.246688958024606e-05,
        -0.01393168792128563
      ],
      [
        0.369533509016037,
        0.0059188660234212875,
        0.9291985630989075,
        0.26709499955177307
      ],
      [
        0.0,
        0.0,
        0.0,
        1.0
      ]
    ],
    [
      [
        0.9273961186408997,
        0.01426730677485466,
        -0.3738085925579071,
        -0.08176203817129135
      ],
      [
        -0.015734173357486725,
        0.9998758435249329,
        -0.0008728448301553726,
        -0.014180714264512062
      ],
      [
        0.373749703168869,
        0.0066910418681800365,
        0.9275054931640625,
        0.2747119069099426
      ],
      [
        0.0,
        0.0,
        0.0,
        1.0
      ]
    ],
    [
      [
        0.9249039888381958,
        0.014377842657268047,
        -0.3799288272857666,
        -0.08201102167367935
      ],
      [
        -0.015922190621495247,
        0.9998728036880493,
        -0.0009224998648278415,
        -0.015863651409745216
      ],
      [
        0.37986719608306885,
        0.006902522407472134,
        0.9250152707099915,
        0.2822115421295166
      ],
      [
        0.0,
        0.0,
        0.0,
        1.0
      ]
    ],
    [
      [
        0.9224329590797424,
        0.014442061074078083,
        -0.38588711619377136,
        -0.08082655817270279
      ],
      [
        -0.016298068687319756,
        0.9998660087585449,
        -0.001538661541417241,
        -0.0184340737760067
      ],
      [
        0.3858131766319275,
        0.007708527147769928,
        0.9225447177886963,
        0.29128652811050415
      ],
      [
        0.0,
        0.0,
        0.0,
        1.0
      ]
    ],
    [
      [
        0.9189580678939819,
        0.01403946802020073,
        -0.39410528540611267,
        -0.07962355017662048
      ],
      [
        -0.01622460037469864,
        0.9998659491539001,
        -0.0022129667922854424,
        -0.02023478038609028
      ],
      [
        0.3940213918685913,
        0.008427824825048447,
        0.919062614440918,
        0.300432950258255
      ],
      [
        0.0,
        0.0,
        0.0,
        1.0
      ]
    ],
    [
      [
        0.9151654243469238,
        0.014308949001133442,
        -0.4028244614601135,
        -0.08042749017477036
      ],
      [
        -0.016396868973970413,
        0.9998640418052673,
        -0.0017348557012155652,
        -0.021382547914981842
      ],
      [
        0.402744859457016,
        0.008192739449441433,
        0.9152756333351135,
        0.3097870945930481
      ],
      [
        0.0,
        0.0,
        0.0,
        1.0
      ]
    ],
    [
      [
        0.9108575582504272,
        0.014788731001317501,
        -0.4124557375907898,
        -0.08109986782073975
      ],
      [
        -0.01642625965178013,
        0.9998649954795837,
        -0.00042488574399612844,
        -0.02256244607269764
      ],
      [
        0.4123937785625458,
        0.007162116002291441,
        0.9109775424003601,
        0.3180643320083618
      ],
      [
        0.0,
        0.0,
        0.0,
        1.0
      ]
    ],
    [
      [
        0.9069964289665222,
        0.01490284688770771,
        -0.42087456583976746,
        -0.08353527635335922
      ],
      [
        -0.016779016703367233,
        0.9998589158058167,
        -0.0007550094742327929,
        -0.023228488862514496
      ],
      [
        0.4208039343357086,
        0.007746651768684387,
        0.907118558883667,
        0.3266246020793915
      ],
      [
        0.0,
        0.0,
        0.0,
        1.0
      ]
    ],
    [
      [
        0.9032407402992249,
        0.015393414534628391,
        -0.4288580119609833,
        -0.08725512772798538
      ],
      [
        -0.017533646896481514,
        0.9998457431793213,
        -0.00104012421797961,
        -0.024582989513874054
      ],
      [
        0.4287758469581604,
        0.00845892820507288,
        0.9033713340759277,
        0.332309752702713
      ],
      [
        0.0,
        0.0,
        0.0,
        1.0
      ]
    ],
    [
      [
        0.8993111848831177,
        0.015963127836585045,
        -0.43701785802841187,
        -0.09058722853660583
      ],
      [
        -0.017682606354355812,
        0.9998436570167542,
        0.0001337849098490551,
        -0.026090312749147415
      ],
      [
        0.4369516372680664,
        0.007607300765812397,
        0.899452805519104,
        0.33971625566482544
      ],
      [
        0.0,
        0.0,
        0.0,
        1.0
      ]
    ],
    [
      [
        0.8955041170120239,
        0.015921510756015778,
        -0.44476836919784546,
        -0.09432408958673477
      ],
      [
        -0.01736048050224781,
        0.9998489618301392,
        0.0008380170329473913,
        -0.02692669816315174
      ],
      [
        0.4447144865989685,
        0.006970945280045271,
        0.895645260810852,
        0.34600284695625305
      ],
      [
        0.0,
        0.0,
        0.0,
        1.0
      ]
    ],
    [
      [
        0.8920430541038513,
        0.01654682867228985,
        -0.4516473710536957,
        -0.09743399173021317
      ],
      [
        -0.018420469015836716,
        0.9998303055763245,
        0.0002483567805029452,
        -0.027676286175847054
      ],
      [
        0.4515748620033264,
        0.008098011836409569,
        0.8921964764595032,
        0.3524762988090515
      ],
      [
        0.0,
        0.0,
        0.0,
        1.0
      ]
    ],
    [
      [
        0.8883281350135803,
        0.01738360896706581,
        -0.45888006687164307,
        -0.10114173591136932
      ],
      [
        -0.019714582711458206,
        0.9998056292533875,
        -0.000289374147541821,
        -0.02811097912490368
      ],
      [
        0.45878586173057556,
        0.009303687140345573,
        0.8884981870651245,
        0.35917121171951294
      ],
      [
        0.0,
        0.0,
        0.0,
        1.0
      ]
    ],
    [
      [
        0.8857923150062561,
        0.017962152138352394,
        -0.4637342095375061,
        -0.10436062514781952
      ],
      [
        -0.020112164318561554,
        0.9997977018356323,
        0.00030905730091035366,
        -0.02849927917122841
      ],
      [
        0.46364590525627136,
        0.009052935987710953,
        0.8859743475914001,
        0.36743226647377014
      ],
      [
        0.0,
        0.0,
        0.0,
        1.0
      ]
    ],
    [
      [
        0.8845106959342957,
        0.018521826714277267,
        -0.4661521315574646,
        -0.10662692785263062
      ],
      [
        -0.020603904500603676,
        0.9997875094413757,
        0.0006296646315604448,
        -0.02890057861804962
      ],
      [
        0.4660647213459015,
        0.009047607891261578,
        0.8847043514251709,
        0.37640103697776794
      ],
      [
        0.0,
        0.0,
        0.0,
        1.0
      ]
    ],
    [
      [
        0.8835681676864624,
        0.0187300443649292,
        -0.46792787313461304,
        -0.10798940807580948
      ],
      [
        -0.020792020484805107,
        0.9997835159301758,
        0.0007582831894978881,
        -0.029446126893162727
      ],
      [
        0.4678407609462738,
        0.009059170261025429,
        0.8837663531303406,
        0.38330841064453125
      ],
      [
        0.0,
        0.0,
        0.0,
        1.0
      ]
    ],
    [
      [
        0.8826888799667358,
        0.019414085894823074,
        -0.46955662965774536,
        -0.11038830876350403
      ],
      [
        -0.021143605932593346,
        0.9997751712799072,
        0.0015897867269814014,
        -0.030247768387198448
      ],
      [
        0.469481885433197,
        0.008524833247065544,
        0.8829009532928467,
        0.39347296953201294
      ],
      [
        0.0,
        0.0,
        0.0,
        1.0
      ]
    ],
    [
      [
        0.8816200494766235,
        0.019532930105924606,
        -0.4715554714202881,
        -0.11377738416194916
      ],
      [
        -0.02130993641912937,
        0.9997716546058655,
        0.0015718304784968495,
        -0.031674161553382874
      ],
      [
        0.47147849202156067,
        0.00866305734962225,
        0.8818349838256836,
        0.4043799936771393
      ],
      [
        0.0,
        0.0,
        0.0,
        1.0
      ]
    ],
    [
      [
        0.8810839056968689,
        0.020095743238925934,
        -0.47253286838531494,
        -0.11562123894691467
      ],
      [
        -0.022712217643857002,
        0.9997420310974121,
        0.00016758855781517923,
        -0.03402556851506233
      ],
      [
        0.47241437435150146,
        0.01058460958302021,
        0.8813130259513855,
        0.4142332971096039
      ],
      [
        0.0,
        0.0,
        0.0,
        1.0
      ]
    ],
    [
      [
        0.8809632658958435,
        0.020155057311058044,
        -0.4727552831172943,
        -0.11823505908250809
      ],
      [
        -0.022480251267552376,
        0.9997470378875732,
        0.0007312122033908963,
        -0.035761117935180664
      ],
      [
        0.472650408744812,
        0.0099834855645895,
        0.8811934590339661,
        0.4252133071422577
      ],
      [
        0.0,
        0.0,
        0.0,
        1.0
      ]
    ],
    [
      [
        0.8812569379806519,
        0.02023802511394024,
        -0.47220394015312195,
        -0.12085430324077606
      ],
      [
        -0.021936802193522453,
        0.9997575283050537,
        0.0019084105733782053,
        -0.03774671256542206
      ],
      [
        0.47212809324264526,
        0.008676845580339432,
        0.881487250328064,
        0.4341376721858978
      ],
      [
        0.0,
        0.0,
        0.0,
        1.0
      ]
    ],
    [
      [
        0.8818957805633545,
        0.02036484144628048,
        -0.4710044264793396,
        -0.12356813997030258
      ],
      [
        -0.02181556634604931,
        0.9997591972351074,
        0.002379767131060362,
        -0.040236249566078186
      ],
      [
        0.4709394872188568,
        0.008176521398127079,
        0.8821276426315308,
        0.4449405074119568
      ],
      [
        0.0,
        0.0,
        0.0,
        1.0
      ]
    ],
    [
      [
        0.8813556432723999,
        0.02040216512978077,
        -0.4720127284526825,
        -0.1252063363790512
      ],
      [
        -0.022578030824661255,
        0.9997445344924927,
        0.0010543778771534562,
        -0.04303668439388275
      ],
      [
        0.4719136357307434,
        0.009727835655212402,
        0.8815910816192627,
        0.45481881499290466
      ],
      [
        0.0,
        0.0,
        0.0,
        1.0
      ]
    ],
    [
      [
        0.8813090920448303,
        0.02027195878326893,
        -0.4721052050590515,
        -0.12877169251441956
      ],
      [
        -0.02223685197532177,
        0.9997517466545105,
        0.00141787133179605,
        -0.044999320060014725
      ],
      [
        0.47201672196388245,
        0.009248550049960613,
        0.8815410733222961,
        0.46421974897384644
      ],
      [
        0.0,
        0.0,
        0.0,
        1.0
      ]
    ],
    [
      [
        0.8811854720115662,
        0.020813699811697006,
        -0.47231239080429077,
        -0.13039319217205048
      ],
      [
        -0.022445617243647575,
        0.9997456669807434,
        0.0021800328977406025,
        -0.04531402885913849
      ],
      [
        0.4722376763820648,
        0.008680328726768494,
        0.8814285397529602,
        0.4720669686794281
      ],
      [
        0.0,
        0.0,
        0.0,
        1.0
      ]
    ],
    [
      [
        0.8813238739967346,
        0.020829835906624794,
        -0.47205328941345215,
        -0.1340184211730957
      ],
      [
        -0.022430740296840668,
        0.9997459053993225,
        0.002236604690551758,
        -0.04610537365078926
      ],
      [
        0.47197994589805603,
        0.008617330342531204,
        0.8815671801567078,
        0.48037290573120117
      ],
      [
        0.0,
        0.0,
        0.0,
        1.0
      ]
    ],
    [
      [
        0.8810171484947205,
        0.02095450460910797,
        -0.47262001037597656,
        -0.13741134107112885
      ],
      [
        -0.02365405112504959,
        0.9997201561927795,
        0.00023066569701768458,
        -0.04735901951789856
      ],
      [
        0.47249260544776917,
        0.010976157151162624,
        0.8812662959098816,
        0.4888811707496643
      ],
      [
        0.0,
        0.0,
        0.0,
        1.0
      ]
    ],
    [
      [
        0.8802325129508972,
        0.02099192515015602,
        -0.47407814860343933,
        -0.13884572684764862
      ],
      [
        -0.023722168058156967,
        0.9997185468673706,
        0.0002214637934230268,
        -0.045765407383441925
      ],
      [
        0.4739494025707245,
        0.011051221750676632,
        0.8804827332496643,
        0.4932158887386322
      ],
      [
        0.0,
        0.0,
        0.0,
        1.0
      ]
    ],
    [
      [
        0.8824450969696045,
        0.021379927173256874,
        -0.4699292778968811,
        -0.13788218796253204
      ],
      [
        -0.02314448542892933,
        0.999730110168457,
        0.0020224684849381447,
        -0.04285633936524391
      ],
      [
        0.4698456823825836,
        0.009091555140912533,
        0.8827017545700073,
        0.49907079339027405
      ],
      [
        0.0,
        0.0,
        0.0,
        1.0
      ]
    ],
    [
      [
        0.8819900751113892,
        0.02087101899087429,
        -0.4708055257797241,
        -0.13932712376117706
      ],
      [
        -0.023417066782712936,
        0.9997256994247437,
        0.0004495984467212111,
        -0.041835635900497437
      ],
      [
        0.47068578004837036,
        0.010628343559801579,
        0.882236897945404,
        0.5039317607879639
      ],
      [
        0.0,
        0.0,
        0.0,
        1.0
      ]
    ],
    [
      [
        0.8829712271690369,
        0.020902790129184723,
        -0.4689614772796631,
        -0.13977286219596863
      ],
      [
        -0.02386878989636898,
        0.9997150301933289,
        -0.0003808855835814029,
        -0.042204417288303375
      ],
      [
        0.46881985664367676,
        0.011529852636158466,
        0.88321852684021,
        0.5091457366943359
      ],
      [
        0.0,
        0.0,
        0.0,
        1.0
      ]
    ],
    [
      [
        0.8833548426628113,
        0.02040274627506733,
        -0.4682605266571045,
        -0.14094525575637817
      ],
      [
        -0.02308342419564724,
        0.999733567237854,
        1.3789073818770703e-05,
        -0.041934799402952194
      ],
      [
        0.4681360423564911,
        0.010796875692903996,
        0.8835904598236084,
        0.5146264433860779
      ],
      [
        0.0,
        0.0,
        0.0,
        1.0
      ]
    ],
    [
      [
        0.8821003437042236,
        0.02052733115851879,
        -0.47061407566070557,
        -0.14269216358661652
      ],
      [
        -0.022063029929995537,
        0.9997540712356567,
        0.0022533864248543978,
        -0.04259238764643669
      ],
      [
        0.47054460644721985,
        0.00839545950293541,
        0.8823362588882446,
        0.5192972421646118
      ],
      [
        0.0,
        0.0,
        0.0,
        1.0
      ]
    ],
    [
      [
        0.8810479640960693,
        0.02111717127263546,
        -0.47255539894104004,
        -0.14373353123664856
      ],
      [
        -0.021173883229494095,
        0.9997622966766357,
        0.005199274513870478,
        -0.042412616312503815
      ],
      [
        0.4725528359413147,
        0.005425022449344397,
        0.8812856674194336,
        0.5265579223632812
      ],
      [
        0.0,
        0.0,
        0.0,
        1.0
      ]
    ],
    [
      [
        0.8814035654067993,
        0.021032370626926422,
        -0.4718955457210541,
        -0.14326448738574982
      ],
      [
        -0.020064519718289375,
        0.9997736215591431,
        0.007083497475832701,
        -0.04309209808707237
      ],
      [
        0.4719376564025879,
        0.0032249358482658863,
        0.8816260099411011,
        0.5348988175392151
      ],
      [
        0.0,
        0.0,
        0.0,
        1.0
      ]
    ],
    [
      [
        0.8823671936988831,
        0.02098224312067032,
        -0.4700934886932373,
        -0.1432081162929535
      ],
      [
        -0.019780484959483147,
        0.9997762441635132,
        0.007496165111660957,
        -0.045159175992012024
      ],
      [
        0.4701455533504486,
        0.002684306586161256,
        0.882584810256958,
        0.5420315265655518
      ],
      [
        0.0,
        0.0,
        0.0,
        1.0
      ]
    ],
    [
      [
        0.8830245733261108,
        0.021065648645162582,
        -0.4688537120819092,
        -0.14456941187381744
      ],
      [
        -0.020230133086442947,
        0.9997720718383789,
        0.006819065194576979,
        -0.047949615865945816
      ],
      [
        0.468890517950058,
        0.003463570261374116,
        0.8832495212554932,
        0.5472500920295715
      ],
      [
        0.0,
        0.0,
        0.0,
        1.0
      ]
    ],
    [
      [
        0.883078932762146,
        0.02140839584171772,
        -0.46873584389686584,
        -0.1472984254360199
      ],
      [
        -0.020401589572429657,
        0.9997657537460327,
        0.0072261737659573555,
        -0.05035087838768959
      ],
      [
        0.4687807559967041,
        0.0031816745176911354,
        0.8833088278770447,
        0.5521243810653687
      ],
      [
        0.0,
        0.0,
        0.0,
        1.0
      ]
    ],
    [
      [
        0.8831073641777039,
        0.021450480446219444,
        -0.46868035197257996,
        -0.1505802571773529
      ],
      [
        -0.02045157179236412,
        0.9997647404670715,
        0.007221340201795101,
        -0.0524405874311924
      ],
      [
        0.4687249958515167,
        0.00320803071372211,
        0.8833383321762085,
        0.5555388331413269
      ],
      [
        0.0,
        0.0,
        0.0,
        1.0
      ]
    ],
    [
      [
        0.883068323135376,
        0.021858325228095055,
        -0.468735009431839,
        -0.15554815530776978
      ],
      [
        -0.020668309181928635,
        0.9997568726539612,
        0.0076834047213196754,
        -0.0555429644882679
      ],
      [
        0.4687889814376831,
        0.0029029888100922108,
        0.8833054304122925,
        0.5601469874382019
      ],
      [
        0.0,
        0.0,
        0.0,
        1.0
      ]
    ],
    [
      [
        0.8825380802154541,
        0.022068222984671593,
        -0.46972283720970154,
        -0.16058601438999176
      ],
      [
        -0.021214714273810387,
        0.9997496604919434,
        0.0071103754453361034,
        -0.05895187333226204
      ],
      [
        0.4697621762752533,
        0.0036898574326187372,
        0.8827853202819824,
        0.562414288520813
      ],
      [
        0.0,
        0.0,
        0.0,
        1.0
      ]
    ],
    [
      [
        0.8827099800109863,
        0.022469667717814445,
        -0.46938061714172363,
        -0.16709239780902863
      ],
      [
        -0.021091986447572708,
        0.9997439384460449,
        0.008193365298211575,
        -0.06221894919872284
      ],
      [
        0.4694445729255676,
        0.002667804714292288,
        0.882957935333252,
        0.5651580095291138
      ],
      [
        0.0,
        0.0,
        0.0,
        1.0
      ]
    ],
    [
      [
        0.8829820156097412,
        0.02286389097571373,
        -0.4688497483730316,
        -0.17133599519729614
      ],
      [
        -0.021685009822249413,
        0.9997335076332092,
        0.0079136798158288,
        -0.06416988372802734
      ],
      [
        0.4689057469367981,
        0.003179374150931835,
        0.8832424879074097,
        0.5657227635383606
      ],
      [
        0.0,
        0.0,
        0.0,
        1.0
      ]
    ],
    [
      [
        0.8834995031356812,
        0.02325258031487465,
        -0.46785464882850647,
        -0.17621251940727234
      ],
      [
        -0.021931692957878113,
        0.9997252821922302,
        0.008270837366580963,
        -0.06665945798158646
      ],
      [
        0.46791839599609375,
        0.0029535649809986353,
        0.8837667107582092,
        0.5684444904327393
      ],
      [
        0.0,
        0.0,
        0.0,
        1.0
      ]
    ],
    [
      [
        0.8835694789886475,
        0.0232222992926836,
        -0.4677239954471588,
        -0.17996098101139069
      ],
      [
        -0.022554529830813408,
        0.9997209310531616,
        0.007028339896351099,
        -0.07011064887046814
      ],
      [
        0.4677566587924957,
        0.004339268431067467,
        0.883846640586853,
        0.5716282725334167
      ],
      [
        0.0,
        0.0,
        0.0,
        1.0
      ]
    ],
    [
      [
        0.883837103843689,
        0.023103944957256317,
        -0.4672238826751709,
        -0.18158312141895294
      ],
      [
        -0.023012591525912285,
        0.9997177720069885,
        0.005903037264943123,
        -0.07240843027830124
      ],
      [
        0.46722841262817383,
        0.005534710828214884,
        0.8841193318367004,
        0.5733062028884888
      ],
      [
        0.0,
        0.0,
        0.0,
        1.0
      ]
    ],
    [
      [
        0.8852701783180237,
        0.022894244641065598,
        -0.46451321244239807,
        -0.18089509010314941
      ],
      [
        -0.02205831930041313,
        0.9997305274009705,
        0.007234458811581135,
        -0.07392850518226624
      ],
      [
        0.46455368399620056,
        0.003841931000351906,
        0.8855366110801697,
        0.5766801834106445
      ],
      [
        0.0,
        0.0,
        0.0,
        1.0
      ]
    ],
    [
      [
        0.8869342803955078,
        0.023323386907577515,
        -0.4613064229488373,
        -0.18043507635593414
      ],
      [
        -0.022030454128980637,
        0.9997237920761108,
        0.008188438601791859,
        -0.07639473676681519
      ],
      [
        0.46136999130249023,
        0.002900183666497469,
        0.8872030973434448,
        0.5790325403213501
      ],
      [
        0.0,
        0.0,
        0.0,
        1.0
      ]
    ],
    [
      [
        0.8892049193382263,
        0.02310122177004814,
        -0.45692551136016846,
        -0.17718742787837982
      ],
      [
        -0.022417865693569183,
        0.9997247457504272,
        0.0069175101816654205,
        -0.08058478683233261
      ],
      [
        0.4569595456123352,
        0.004092210903763771,
        0.8894780874252319,
        0.5807406902313232
      ],
      [
        0.0,
        0.0,
        0.0,
        1.0
      ]
    ]
  ],
  "height": 480,
  "width": 768
}