{
  "intrinsic": [
    [
      782.9189453125,
      0.0,
      384.0
    ],
    [
      0.0,
      782.9189453125,
      240.0
    ],
    [
      0.0,
      0.0,
      1.0
    ]
  ],
  "extrinsic": [
    [
      [
        0.9999999403953552,
        -0.00025046447990462184,
        0.00025168503634631634,
        -0.00021658532205037773
      ],
      [
        0.0002504928852431476,
        0.9999999403953552,
        -0.00011280481703579426,
        1.5762312614242546e-05
      ],
      [
        -0.0002516567474231124,
        0.00011286785593256354,
        0.9999999403953552,
        0.00019152023014612496
      ],
      [
        0.0,
        0.0,
        0.0,
        1.0
      ]
    ],
    [
      [
        0.9999999403953552,
        8.674408491060603e-06,
        -0.00038068852154538035,
        5.423807670013048e-05
      ],
      [
        -8.568084922444541e-06,
        0.9999999403953552,
        0.00027929473435506225,
        3.355356602696702e-05
      ],
      [
        0.0003806909080594778,
        -0.0002792914747260511,
        0.9999998807907104,
        0.002071276307106018
      ],
      [
        0.0,
        0.0,
        0.0,
        1.0
      ]
    ],
    [
      [
        0.9999983310699463,
        -0.0007572295726276934,
        0.0016566187841817737,
        -0.0001821987534640357
      ],
      [
        0.0007581760291941464,
        0.9999995231628418,
        -0.0005707764066755772,
        5.653866537613794e-05
      ],
      [
        -0.0016561857191845775,
        0.0005720314802601933,
        0.9999984502792358,
        0.0006839277921244502
      ],
      [
        0.0,
        0.0,
        0.0,
        1.0
      ]
    ],
    [
      [
        0.9999956488609314,
        -0.0019211440812796354,
        0.0022346265614032745,
        -8.701021579327062e-05
      ],
      [
        0.0019231559708714485,
        0.9999977350234985,
        -0.0008985819295048714,
        -0.00010100130748469383
      ],
      [
        -0.0022328949999064207,
        0.0009028755011968315,
        0.999997079372406,
        -0.0010436736047267914
      ],
      [
        0.0,
        0.0,
        0.0,
        1.0
      ]
    ],
    [
      [
        0.999991238117218,
        -0.0014694659039378166,
        0.003923095762729645,
        -0.0002496675297152251
      ],
      [
        0.00146999501157552,
        0.999998927116394,
        -0.00013201461115386337,
        -6.742527330061421e-05
      ],
      [
        -0.003922897391021252,
        0.00013778037100564688,
        0.999992311000824,
        -0.003666904056444764
      ],
      [
        0.0,
        0.0,
        0.0,
        1.0
      ]
    ],
    [
      [
        0.999985933303833,
        -0.001958993263542652,
        0.004927240777760744,
        -4.366299253888428e-05
      ],
      [
        0.0019617353100329638,
        0.9999979138374329,
        -0.0005517153185792267,
        0.00016772482194937766
      ],
      [
        -0.004926149267703295,
        0.0005613735411316156,
        0.9999877214431763,
        -0.008603470399975777
      ],
      [
        0.0,
        0.0,
        0.0,
        1.0
      ]
    ],
    [
      [
        0.9999758005142212,
        -0.003274840535596013,
        0.006135063711553812,
        0.00019984354730695486
      ],
      [
        0.0032806622330099344,
        0.999994158744812,
        -0.000939096906222403,
        0.0003618978662416339
      ],
      [
        -0.006131952628493309,
        0.0009592011920176446,
        0.9999807476997375,
        -0.015968957915902138
      ],
      [
        0.0,
        0.0,
        0.0,
        1.0
      ]
    ],
    [
      [
        0.9999644756317139,
        -0.00386414653621614,
        0.007492010947316885,
        0.0009032649686560035
      ],
      [
        0.0038718003779649734,
        0.9999920129776001,
        -0.001007386134006083,
        0.00023785469238646328
      ],
      [
        -0.00748805794864893,
        0.0010363578330725431,
        0.9999714493751526,
        -0.028243856504559517
      ],
      [
        0.0,
        0.0,
        0.0,
        1.0
      ]
    ],
    [
      [
        0.9999522566795349,
        -0.004106165375560522,
        0.008864665403962135,
        0.0011821691878139973
      ],
      [
        0.0041142478585243225,
        0.9999911189079285,
        -0.0008937224629335105,
        0.00034104319638572633
      ],
      [
        -0.008860916830599308,
        0.0009301512618549168,
        0.9999603033065796,
        -0.0360197089612484
      ],
      [
        0.0,
        0.0,
        0.0,
        1.0
      ]
    ],
    [
      [
        0.9999341368675232,
        -0.0052703386172652245,
        0.010195206850767136,
        0.0013712374493479729
      ],
      [
        0.005265674088150263,
        0.9999859929084778,
        0.0004842900962103158,
        -0.0001829257671488449
      ],
      [
        -0.010197618044912815,
        -0.0004305735637899488,
        0.9999479055404663,
        -0.04576093703508377
      ],
      [
        0.0,
        0.0,
        0.0,
        1.0
      ]
    ],
    [
      [
        0.9999194145202637,
        -0.005648893304169178,
        0.011371155269443989,
        0.0015246266266331077
      ],
      [
        0.005648857913911343,
        0.9999840259552002,
        3.525691499817185e-05,
        0.0001617406669538468
      ],
      [
        -0.011371173895895481,
        2.8979960916331038e-05,
        0.9999353289604187,
        -0.05466780066490173
      ],
      [
        0.0,
        0.0,
        0.0,
        1.0
      ]
    ],
    [
      [
        0.9999148845672607,
        -0.005580670200288296,
        0.0117937121540308,
        0.002665895503014326
      ],
      [
        0.0055971527472138405,
        0.9999834299087524,
        -0.0013650439213961363,
        0.0003324966237414628
      ],
      [
        -0.011785898357629776,
        0.0014309390680864453,
        0.9999295473098755,
        -0.06172604113817215
      ],
      [
        0.0,
        0.0,
        0.0,
        1.0
      ]
    ],
    [
      [
        0.9998927712440491,
        -0.005642424803227186,
        0.013511494733393192,
        0.0031824037432670593
      ],
      [
        0.0056792073883116245,
        0.9999802708625793,
        -0.002685517305508256,
        0.0005468656891025603
      ],
      [
        -0.013496075756847858,
        0.002761963987722993,
        0.9999051094055176,
        -0.0701012909412384
      ],
      [
        0.0,
        0.0,
        0.0,
        1.0
      ]
    ],
    [
      [
        0.9998663663864136,
        -0.0062085846439003944,
        0.015123562887310982,
        0.002828444354236126
      ],
      [
        0.006262156646698713,
        0.999974250793457,
        -0.003497522324323654,
        0.0007872303831391037
      ],
      [
        -0.015101460739970207,
        0.003591760993003845,
        0.9998795390129089,
        -0.0772872194647789
      ],
      [
        0.0,
        0.0,
        0.0,
        1.0
      ]
    ],
    [
      [
        0.9998260140419006,
        -0.0067121838219463825,
        0.01740442030131817,
        0.002968424931168556
      ],
      [
        0.006809448357671499,
        0.9999614953994751,
        -0.005535298492759466,
        0.0006965443026274443
      ],
      [
        -0.017366597428917885,
        0.0056528495624661446,
        0.9998332262039185,
        -0.08445204794406891
      ],
      [
        0.0,
        0.0,
        0.0,
        1.0
      ]
    ],
    [
      [
        0.9997884035110474,
        -0.006414968520402908,
        0.019543558359146118,
        0.002611146541312337
      ],
      [
        0.006512368563562632,
        0.9999666810035706,
        -0.004924196284264326,
        0.0005791315343230963
      ],
      [
        -0.01951131783425808,
        0.005050429608672857,
        0.9997968673706055,
        -0.09139246493577957
      ],
      [
        0.0,
        0.0,
        0.0,
        1.0
      ]
    ],
    [
      [
        0.9997643232345581,
        -0.007086598314344883,
        0.02051987498998642,
        0.0029337084852159023
      ],
      [
        0.007196518126875162,
        0.9999601244926453,
        -0.0052878642454743385,
        0.0008395140175707638
      ],
      [
        -0.02048158459365368,
        0.005434290040284395,
        0.9997754693031311,
        -0.09847068786621094
      ],
      [
        0.0,
        0.0,
        0.0,
        1.0
      ]
    ],
    [
      [
        0.9997095465660095,
        -0.007143185008317232,
        0.02301768958568573,
        0.0029093148186802864
      ],
      [
        0.0072753289714455605,
        0.9999575018882751,
        -0.00566233042627573,
        0.0007936024921946228
      ],
      [
        -0.022976264357566833,
        0.005828147288411856,
        0.9997190237045288,
        -0.10761580616235733
      ],
      [
        0.0,
        0.0,
        0.0,
        1.0
      ]
    ],
    [
      [
        0.9996637105941772,
        -0.007127019111067057,
        0.024933472275733948,
        0.0025207276921719313
      ],
      [
        0.007263171952217817,
        0.9999591708183289,
        -0.005374354775995016,
        0.0011987283360213041
      ],
      [
        -0.024894151836633682,
        0.005553643684834242,
        0.9996746778488159,
        -0.11374475806951523
      ],
      [
        0.0,
        0.0,
        0.0,
        1.0
      ]
    ],
    [
      [
        0.9996492862701416,
        -0.007767451461404562,
        0.025317488238215446,
        0.002826548647135496
      ],
      [
        0.007904592901468277,
        0.9999545812606812,
        -0.005321287550032139,
        0.0009136659209616482
      ],
      [
        -0.025275005027651787,
        0.005519545637071133,
        0.9996653199195862,
        -0.1211317926645279
      ],
      [
        0.0,
        0.0,
        0.0,
        1.0
      ]
    ],
    [
      [
        0.9995728731155396,
        -0.007582103367894888,
        0.028223996981978416,
        0.0019137689378112555
      ],
      [
        0.0077429176308214664,
        0.9999544024467468,
        -0.0055928658694028854,
        0.0009338560630567372
      ],
      [
        -0.028180303052067757,
        0.005809013266116381,
        0.9995859861373901,
        -0.1281351000070572
      ],
      [
        0.0,
        0.0,
        0.0,
        1.0
      ]
    ],
    [
      [
        0.9995718598365784,
        -0.008264003321528435,
        0.028066804632544518,
        0.002352566923946142
      ],
      [
        0.008412567898631096,
        0.999951183795929,
        -0.005179318133741617,
        0.0010341706220060587
      ],
      [
        -0.028022633865475655,
        0.005413214676082134,
        0.9995926022529602,
        -0.13452035188674927
      ],
      [
        0.0,
        0.0,
        0.0,
        1.0
      ]
    ],
    [
      [
        0.9995386004447937,
        -0.008142676204442978,
        0.02926328033208847,
        0.0021381601691246033
      ],
      [
        0.008315108716487885,
        0.9999487400054932,
        -0.005775601603090763,
        0.0008484270074404776
      ],
      [
        -0.029214754700660706,
        0.006016263738274574,
        0.9995550513267517,
        -0.14076519012451172
      ],
      [
        0.0,
        0.0,
        0.0,
        1.0
      ]
    ],
    [
      [
        0.9995039701461792,
        -0.008544624783098698,
        0.03031245432794094,
        0.0021645999513566494
      ],
      [
        0.008706263266503811,
        0.9999485611915588,
        -0.005204446613788605,
        0.0011419004295021296
      ],
      [
        -0.030266424641013145,
        0.0054657733999192715,
        0.9995269179344177,
        -0.14843961596488953
      ],
      [
        0.0,
        0.0,
        0.0,
        1.0
      ]
    ],
    [
      [
        0.999421238899231,
        -0.008806750178337097,
        0.032857608050107956,
        0.001534219365566969
      ],
      [
        0.0090017793700099,
        0.9999427199363708,
        -0.00579236913472414,
        0.0016244151629507542
      ],
      [
        -0.032804712653160095,
        0.006084793712943792,
        0.9994432330131531,
        -0.1552455574274063
      ],
      [
        0.0,
        0.0,
        0.0,
        1.0
      ]
    ],
    [
      [
        0.9993686676025391,
        -0.009203683584928513,
        0.034315116703510284,
        0.0010581118986010551
      ],
      [
        0.009403904899954796,
        0.9999396800994873,
        -0.0056779645383358,
        0.0016813859110698104
      ],
      [
        -0.034260790795087814,
        0.005997075699269772,
        0.999394953250885,
        -0.16143201291561127
      ],
      [
        0.0,
        0.0,
        0.0,
        1.0
      ]
    ],
    [
      [
        0.9993243217468262,
        -0.008578263223171234,
        0.03573916107416153,
        0.0009935777634382248
      ],
      [
        0.008780085481703281,
        0.9999463558197021,
        -0.005493958480656147,
        0.0021556844003498554
      ],
      [
        -0.03569011762738228,
        0.005804039537906647,
        0.9993460774421692,
        -0.16860905289649963
      ],
      [
        0.0,
        0.0,
        0.0,
        1.0
      ]
    ],
    [
      [
        0.9992862343788147,
        -0.007788189686834812,
        0.03696439415216446,
        0.0007282034493982792
      ],
      [
        0.008078665472567081,
        0.9999375939369202,
        -0.007715403102338314,
        0.002668395871296525
      ],
      [
        -0.03690199926495552,
        0.008008519187569618,
        0.9992867708206177,
        -0.1746610850095749
      ],
      [
        0.0,
        0.0,
        0.0,
        1.0
      ]
    ],
    [
      [
        0.999214231967926,
        -0.00796052161604166,
        0.03882678598165512,
        0.000556719780433923
      ],
      [
        0.008267308585345745,
        0.9999358057975769,
        -0.00774729298427701,
        0.002531203906983137
      ],
      [
        -0.03876262530684471,
        0.008062198758125305,
        0.9992159008979797,
        -0.18083524703979492
      ],
      [
        0.0,
        0.0,
        0.0,
        1.0
      ]
    ],
    [
      [
        0.9990987181663513,
        -0.007537935860455036,
        0.04177252948284149,
        -0.0003432349767535925
      ],
      [
        0.007943965494632721,
        0.9999226927757263,
        -0.009562565013766289,
        0.0032752896659076214
      ],
      [
        -0.041697222739458084,
        0.009885786101222038,
        0.9990813732147217,
        -0.18856030702590942
      ],
      [
        0.0,
        0.0,
        0.0,
        1.0
      ]
    ],
    [
      [
        0.9990329742431641,
        -0.007372539024800062,
        0.043345093727111816,
        -0.0011789030395448208
      ],
      [
        0.007784505840390921,
        0.9999260306358337,
        -0.009343252517282963,
        0.0032909144647419453
      ],
      [
        -0.04327300935983658,
        0.00967163685709238,
        0.9990164637565613,
        -0.1942652016878128
      ],
      [
        0.0,
        0.0,
        0.0,
        1.0
      ]
    ],
    [
      [
        0.9989770650863647,
        -0.00625238474458456,
        0.044785402715206146,
        -0.001081271911971271
      ],
      [
        0.006674415431916714,
        0.9999346733093262,
        -0.009280068799853325,
        0.002951535629108548
      ],
      [
        -0.04472445324063301,
        0.009569493122398853,
        0.9989535212516785,
        -0.20114415884017944
      ],
      [
        0.0,
        0.0,
        0.0,
        1.0
      ]
    ],
    [
      [
        0.9988663792610168,
        -0.006188068073242903,
        0.04719812422990799,
        -0.002183383097872138
      ],
      [
        0.006657070945948362,
        0.9999299645423889,
        -0.009786189533770084,
        0.0031629137229174376
      ],
      [
        -0.04713426157832146,
        0.010089297778904438,
        0.9988375902175903,
        -0.20677466690540314
      ],
      [
        0.0,
        0.0,
        0.0,
        1.0
      ]
    ],
    [
      [
        0.9988022446632385,
        -0.006690365262329578,
        0.04847027733922005,
        -0.0025946495588868856
      ],
      [
        0.0072389510460197926,
        0.9999116063117981,
        -0.011151296086609364,
        0.0037517636083066463
      ],
      [
        -0.04839139059185982,
        0.01148881297558546,
        0.9987623691558838,
        -0.21431399881839752
      ],
      [
        0.0,
        0.0,
        0.0,
        1.0
      ]
    ],
    [
      [
        0.9987068176269531,
        -0.006111085414886475,
        0.05047111213207245,
        -0.0037076552398502827
      ],
      [
        0.006719097029417753,
        0.9999067783355713,
        -0.011885857209563255,
        0.0037282202392816544
      ],
      [
        -0.05039377510547638,
        0.012209607288241386,
        0.9986547827720642,
        -0.2203073799610138
      ],
      [
        0.0,
        0.0,
        0.0,
        1.0
      ]
    ],
    [
      [
        0.9985681772232056,
        -0.005400155205279589,
        0.05322070047259331,
        -0.004306062590330839
      ],
      [
        0.006039218977093697,
        0.9999114871025085,
        -0.011854312382638454,
        0.0035584471188485622
      ],
      [
        -0.05315198004245758,
        0.012158751487731934,
        0.9985123872756958,
        -0.228543221950531
      ],
      [
        0.0,
        0.0,
        0.0,
        1.0
      ]
    ],
    [
      [
        0.998480498790741,
        -0.004425585735589266,
        0.05492841452360153,
        -0.005438770167529583
      ],
      [
        0.0051571959629654884,
        0.9998998045921326,
        -0.0131847457960248,
        0.004661853425204754
      ],
      [
        -0.054864559322595596,
        0.013447987847030163,
        0.9984032511711121,
        -0.23566888272762299
      ],
      [
        0.0,
        0.0,
        0.0,
        1.0
      ]
    ],
    [
      [
        0.9983625411987305,
        -0.003982846159487963,
        0.057064879685640335,
        -0.006465307902544737
      ],
      [
        0.0048000928945839405,
        0.9998877644538879,
        -0.014191464520990849,
        0.0050317831337451935
      ],
      [
        -0.057001952081918716,
        0.01444214303046465,
        0.9982696175575256,
        -0.2424902319908142
      ],
      [
        0.0,
        0.0,
        0.0,
        1.0
      ]
    ],
    [
      [
        0.9982863068580627,
        -0.0035663030575960875,
        0.058409687131643295,
        -0.007053198292851448
      ],
      [
        0.004428595304489136,
        0.9998829960823059,
        -0.01464004348963499,
        0.005192002281546593
      ],
      [
        -0.05835064500570297,
        0.01487362664192915,
        0.9981853365898132,
        -0.24963711202144623
      ],
      [
        0.0,
        0.0,
        0.0,
        1.0
      ]
    ],
    [
      [
        0.9981915950775146,
        -0.0031900559552013874,
        0.060027826577425,
        -0.0076818568632006645
      ],
      [
        0.00413779029622674,
        0.999868631362915,
        -0.015670573338866234,
        0.0058594755828380585
      ],
      [
        -0.0599699541926384,
        0.015890616923570633,
        0.9980736970901489,
        -0.25674527883529663
      ],
      [
        0.0,
        0.0,
        0.0,
        1.0
      ]
    ],
    [
      [
        0.9980809688568115,
        -0.0030263361986726522,
        0.06184869259595871,
        -0.008822793141007423
      ],
      [
        0.003969068173319101,
        0.9998777508735657,
        -0.015125383622944355,
        0.006717788986861706
      ],
      [
        -0.06179535388946533,
        0.01534183882176876,
        0.9979709386825562,
        -0.2637466490268707
      ],
      [
        0.0,
        0.0,
        0.0,
        1.0
      ]
    ],
    [
      [
        0.9978837370872498,
        -0.0031183527316898108,
        0.06494870036840439,
        -0.010155570693314075
      ],
      [
        0.004132005386054516,
        0.9998716711997986,
        -0.015478499233722687,
        0.007023156154900789
      ],
      [
        -0.06489209085702896,
        0.015714110806584358,
        0.9977685809135437,
        -0.2712535262107849
      ],
      [
        0.0,
        0.0,
        0.0,
        1.0
      ]
    ],
    [
      [
        0.9977943301200867,
        -0.003110201098024845,
        0.06630825996398926,
        -0.010594197548925877
      ],
      [
        0.003993992693722248,
        0.9999048709869385,
        -0.013200136832892895,
        0.006711468566209078
      ],
      [
        -0.06626089662313461,
        0.013435857370495796,
        0.9977118968963623,
        -0.27808108925819397
      ],
      [
        0.0,
        0.0,
        0.0,
        1.0
      ]
    ],
    [
      [
        0.9976038932800293,
        -0.0028727261815220118,
        0.06912436336278915,
        -0.011962303891777992
      ],
      [
        0.003815675852820277,
        0.9999014139175415,
        -0.013513186015188694,
        0.007004137150943279
      ],
      [
        -0.069078728556633,
        0.013744562864303589,
        0.9975165128707886,
        -0.28454557061195374
      ],
      [
        0.0,
        0.0,
        0.0,
        1.0
      ]
    ],
    [
      [
        0.997340738773346,
        -0.0026163551956415176,
        0.07283242791891098,
        -0.013368949294090271
      ],
      [
        0.0035629039630293846,
        0.999910831451416,
        -0.012869368307292461,
        0.006923449691385031
      ],
      [
        -0.07279226183891296,
        0.013094640336930752,
        0.9972611665725708,
        -0.29212266206741333
      ],
      [
        0.0,
        0.0,
        0.0,
        1.0
      ]
    ],
    [
      [
        0.9971426129341125,
        -0.0025546688120812178,
        0.07549849897623062,
        -0.014732737094163895
      ],
      [
        0.003496449440717697,
        0.9999176859855652,
        -0.012344620190560818,
        0.0072769708931446075
      ],
      [
        -0.07546074688434601,
        0.012573322281241417,
        0.9970694780349731,
        -0.297202467918396
      ],
      [
        0.0,
        0.0,
        0.0,
        1.0
      ]
    ],
    [
      [
        0.9969927072525024,
        -0.0023962066043168306,
        0.07745849341154099,
        -0.016127485781908035
      ],
      [
        0.0033395716454833746,
        0.9999217987060547,
        -0.012051736935973167,
        0.0076965573243796825
      ],
      [
        -0.07742355763912201,
        0.012274172157049179,
        0.9969227313995361,
        -0.3029019236564636
      ],
      [
        0.0,
        0.0,
        0.0,
        1.0
      ]
    ],
    [
      [
        0.9969004392623901,
        -0.0019367317436262965,
        0.07864938676357269,
        -0.01652187667787075
      ],
      [
        0.0028270925395190716,
        0.9999331831932068,
        -0.01121086161583662,
        0.007659468334168196
      ],
      [
        -0.07862241566181183,
        0.01139846257865429,
        0.9968392848968506,
        -0.31025266647338867
      ],
      [
        0.0,
        0.0,
        0.0,
        1.0
      ]
    ],
    [
      [
        0.9966166019439697,
        -0.001649553538300097,
        0.08217446506023407,
        -0.018578527495265007
      ],
      [
        0.0024790335446596146,
        0.9999470114707947,
        -0.009993129409849644,
        0.0075500234961509705
      ],
      [
        -0.08215361833572388,
        0.01016303151845932,
        0.9965678453445435,
        -0.316201776266098
      ],
      [
        0.0,
        0.0,
        0.0,
        1.0
      ]
    ],
    [
      [
        0.996502697467804,
        -0.0020206908229738474,
        0.08353622257709503,
        -0.019465481862425804
      ],
      [
        0.002769109793007374,
        0.9999570250511169,
        -0.008844323456287384,
        0.007852139882743359
      ],
      [
        -0.08351477235555649,
        0.009044712409377098,
        0.9964655041694641,
        -0.32074660062789917
      ],
      [
        0.0,
        0.0,
        0.0,
        1.0
      ]
    ],
    [
      [
        0.9962806105613708,
        -0.0012020032154396176,
        0.08615969121456146,
        -0.020976396277546883
      ],
      [
        0.0019988699350506067,
        0.9999560117721558,
        -0.00916304625570774,
        0.0078867943957448
      ],
      [
        -0.08614487946033478,
        0.00930118653923273,
        0.996239185333252,
        -0.3274156451225281
      ],
      [
        0.0,
        0.0,
        0.0,
        1.0
      ]
    ],
    [
      [
        0.996080219745636,
        -3.3463216823292896e-05,
        0.08845458179712296,
        -0.021774327382445335
      ],
      [
        0.0008377409540116787,
        0.9999586343765259,
        -0.009055441245436668,
        0.008356706239283085
      ],
      [
        -0.08845061808824539,
        0.009094048291444778,
        0.9960390329360962,
        -0.333125501871109
      ],
      [
        0.0,
        0.0,
        0.0,
        1.0
      ]
    ],
    [
      [
        0.9958864450454712,
        -0.0001644597068661824,
        0.09060980379581451,
        -0.023258548229932785
      ],
      [
        0.0010659543331712484,
        0.9999504089355469,
        -0.009900891222059727,
        0.009421787224709988
      ],
      [
        -0.09060367941856384,
        0.009956750087440014,
        0.9958372712135315,
        -0.3380613625049591
      ],
      [
        0.0,
        0.0,
        0.0,
        1.0
      ]
    ],
    [
      [
        0.9956557750701904,
        0.00027789699379354715,
        0.09310995042324066,
        -0.024603303521871567
      ],
      [
        0.000569535419344902,
        0.9999586343765259,
        -0.009074718691408634,
        0.009373239241540432
      ],
      [
        -0.09310862421989441,
        0.009088325314223766,
        0.9956144690513611,
        -0.34410998225212097
      ],
      [
        0.0,
        0.0,
        0.0,
        1.0
      ]
    ],
    [
      [
        0.9954817295074463,
        0.001688842661678791,
        0.0949379950761795,
        -0.02546912617981434
      ],
      [
        -0.0008389634313061833,
        0.9999592304229736,
        -0.008991140872240067,
        0.009314639493823051
      ],
      [
        -0.09494930505752563,
        0.008870868012309074,
        0.9954425692558289,
        -0.3492463529109955
      ],
      [
        0.0,
        0.0,
        0.0,
        1.0
      ]
    ],
    [
      [
        0.9951418042182922,
        0.0020943940617144108,
        0.09842958301305771,
        -0.02734321542084217
      ],
      [
        -0.0012499717995524406,
        0.9999619126319885,
        -0.008639832958579063,
        0.009855951182544231
      ],
      [
        -0.09844392538070679,
        0.008474825881421566,
        0.9951065182685852,
        -0.3555601239204407
      ],
      [
        0.0,
        0.0,
        0.0,
        1.0
      ]
    ],
    [
      [
        0.9948597550392151,
        0.0026269645895808935,
        0.1012284904718399,
        -0.028424419462680817
      ],
      [
        -0.0016971995355561376,
        0.9999555945396423,
        -0.009269842877984047,
        0.009944183751940727
      ],
      [
        -0.1012483462691307,
        0.009050387889146805,
        0.9948199987411499,
        -0.361877977848053
      ],
      [
        0.0,
        0.0,
        0.0,
        1.0
      ]
    ],
    [
      [
        0.9945823550224304,
        0.0020849481225013733,
        0.10393080115318298,
        -0.029747046530246735
      ],
      [
        -0.0010850596008822322,
        0.9999526143074036,
        -0.009676325134932995,
        0.010482658632099628
      ],
      [
        -0.10394604504108429,
        0.009511130861938,
        0.9945374727249146,
        -0.367166131734848
      ],
      [
        0.0,
        0.0,
        0.0,
        1.0
      ]
    ],
    [
      [
        0.9944314360618591,
        0.002574712038040161,
        0.10535409301519394,
        -0.029861031100153923
      ],
      [
        -0.0015829973854124546,
        0.9999536871910095,
        -0.009495694190263748,
        0.010420124046504498
      ],
      [
        -0.10537365078926086,
        0.009276041761040688,
        0.9943894147872925,
        -0.37266433238983154
      ],
      [
        0.0,
        0.0,
        0.0,
        1.0
      ]
    ],
    [
      [
        0.9941856265068054,
        0.002695908071473241,
        0.10764584690332413,
        -0.030401740223169327
      ],
      [
        -0.0017016989877447486,
        0.9999550580978394,
        -0.009326715022325516,
        0.010508449748158455
      ],
      [
        -0.10766614973545074,
        0.009089305065572262,
        0.9941455721855164,
        -0.37853097915649414
      ],
      [
        0.0,
        0.0,
        0.0,
        1.0
      ]
    ],
    [
      [
        0.9938722252845764,
        0.001998663879930973,
        0.11051703989505768,
        -0.03207404538989067
      ],
      [
        -0.0010157458018511534,
        0.999959409236908,
        -0.008949401788413525,
        0.010549943894147873
      ],
      [
        -0.11053045094013214,
        0.008782303892076015,
        0.9938339591026306,
        -0.3846726417541504
      ],
      [
        0.0,
        0.0,
        0.0,
        1.0
      ]
    ],
    [
      [
        0.9936768412590027,
        0.002040426479652524,
        0.11225932091474533,
        -0.032999325543642044
      ],
      [
        -0.001128469710238278,
        0.9999658465385437,
        -0.008186602964997292,
        0.010248438455164433
      ],
      [
        -0.11227219551801682,
        0.008008156903088093,
        0.993645191192627,
        -0.39025819301605225
      ],
      [
        0.0,
        0.0,
        0.0,
        1.0
      ]
    ],
    [
      [
        0.9932883977890015,
        0.00276020891033113,
        0.11563128232955933,
        -0.03462246060371399
      ],
      [
        -0.001840258133597672,
        0.9999657869338989,
        -0.008061897940933704,
        0.010167713277041912
      ],
      [
        -0.11564958095550537,
        0.007794998120516539,
        0.9932594895362854,
        -0.3966936469078064
      ],
      [
        0.0,
        0.0,
        0.0,
        1.0
      ]
    ],
    [
      [
        0.9928600788116455,
        0.0025201754178851843,
        0.11925826221704483,
        -0.036121536046266556
      ],
      [
        -0.0015482555609196424,
        0.9999648332595825,
        -0.008241655305027962,
        0.01105969026684761
      ],
      [
        -0.11927483975887299,
        0.007998167537152767,
        0.9928290843963623,
        -0.4023284316062927
      ],
      [
        0.0,
        0.0,
        0.0,
        1.0
      ]
    ],
    [
      [
        0.9926878213882446,
        0.0019895555451512337,
        0.120693638920784,
        -0.036493539810180664
      ],
      [
        -0.0010349837830290198,
        0.9999676942825317,
        -0.007971219718456268,
        0.011486632749438286
      ],
      [
        -0.12070560455322266,
        0.007788016926497221,
        0.9926577806472778,
        -0.40651461482048035
      ],
      [
        0.0,
        0.0,
        0.0,
        1.0
      ]
    ],
    [
      [
        0.9924203753471375,
        0.0019130491418763995,
        0.12287449836730957,
        -0.037876229733228683
      ],
      [
        -0.0009947235230356455,
        0.9999710917472839,
        -0.007534598466008902,
        0.0116022489964962
      ],
      [
        -0.12288536131381989,
        0.007355262991040945,
        0.9923936128616333,
        -0.412713885307312
      ],
      [
        0.0,
        0.0,
        0.0,
        1.0
      ]
    ],
    [
      [
        0.9921664595603943,
        0.00137510581407696,
        0.12491530179977417,
        -0.038480788469314575
      ],
      [
        -0.0003725814167410135,
        0.9999675154685974,
        -0.008048641495406628,
        0.012638835236430168
      ],
      [
        -0.12492231279611588,
        0.007939050905406475,
        0.9921347498893738,
        -0.4190652370452881
      ],
      [
        0.0,
        0.0,
        0.0,
        1.0
      ]
    ],
    [
      [
        0.9919739961624146,
        -9.086869249586016e-05,
        0.12644195556640625,
        -0.03837791457772255
      ],
      [
        0.00110568234231323,
        0.9999677538871765,
        -0.00795576348900795,
        0.013524522073566914
      ],
      [
        -0.12643715739250183,
        0.008031715638935566,
        0.9919421076774597,
        -0.424800306558609
      ],
      [
        0.0,
        0.0,
        0.0,
        1.0
      ]
    ],
    [
      [
        0.991685688495636,
        -0.00045100218267180026,
        0.12868298590183258,
        -0.03898610174655914
      ],
      [
        0.0013057277537882328,
        0.9999776482582092,
        -0.006557816173881292,
        0.012842738069593906
      ],
      [
        -0.1286771446466446,
        0.006671317387372255,
        0.9916641116142273,
        -0.43008944392204285
      ],
      [
        0.0,
        0.0,
        0.0,
        1.0
      ]
    ],
    [
      [
        0.9912768006324768,
        0.0005535800009965897,
        0.13179534673690796,
        -0.039798978716135025
      ],
      [
        0.00034651748137548566,
        0.9999767541885376,
        -0.006806476041674614,
        0.013652563095092773
      ],
      [
        -0.13179606199264526,
        0.006792771629989147,
        0.9912535548210144,
        -0.4347277879714966
      ],
      [
        0.0,
        0.0,
        0.0,
        1.0
      ]
    ],
    [
      [
        0.9907217621803284,
        4.701166835729964e-05,
        0.13590562343597412,
        -0.042582228779792786
      ],
      [
        0.0007562314858660102,
        0.9999825358390808,
        -0.0058586676605045795,
        0.01306545827537775
      ],
      [
        -0.13590353727340698,
        0.005907085724174976,
        0.9907044768333435,
        -0.4396243691444397
      ],
      [
        0.0,
        0.0,
        0.0,
        1.0
      ]
    ],
    [
      [
        0.9901604056358337,
        0.001309082843363285,
        0.13993091881275177,
        -0.04458162933588028
      ],
      [
        -0.00036561707383953035,
        0.9999770522117615,
        -0.006767862942069769,
        0.014059413224458694
      ],
      [
        -0.13993655145168304,
        0.006650108844041824,
        0.9901381134986877,
        -0.445362389087677
      ],
      [
        0.0,
        0.0,
        0.0,
        1.0
      ]
    ],
    [
      [
        0.9898056983947754,
        0.001120688859373331,
        0.14241988956928253,
        -0.04588496312499046
      ],
      [
        -0.00020051175670232624,
        0.9999790191650391,
        -0.006475202739238739,
        0.014237460680305958
      ],
      [
        -0.14242415130138397,
        0.006380635779350996,
        0.9897851347923279,
        -0.4517844021320343
      ],
      [
        0.0,
        0.0,
        0.0,
        1.0
      ]
    ],
    [
      [
        0.9897376894950867,
        0.0002448138257022947,
        0.14289601147174835,
        -0.04557088017463684
      ],
      [
        0.0005936583620496094,
        0.9999828338623047,
        -0.0058250450529158115,
        0.014150180853903294
      ],
      [
        -0.14289499819278717,
        0.005850097630172968,
        0.9897205829620361,
        -0.45898687839508057
      ],
      [
        0.0,
        0.0,
        0.0,
        1.0
      ]
    ],
    [
      [
        0.9892021417617798,
        0.00099747849162668,
        0.14655403792858124,
        -0.04689883813261986
      ],
      [
        -0.0002066187298623845,
        0.9999853372573853,
        -0.005411493591964245,
        0.013819143176078796
      ],
      [
        -0.1465572863817215,
        0.0053227804601192474,
        0.9891878366470337,
        -0.46397295594215393
      ],
      [
        0.0,
        0.0,
        0.0,
        1.0
      ]
    ],
    [
      [
        0.9888668060302734,
        0.0016878971364349127,
        0.1487937569618225,
        -0.048524655401706696
      ],
      [
        -0.0007039068732410669,
        0.9999775290489197,
        -0.006665528751909733,
        0.015114150010049343
      ],
      [
        -0.14880165457725525,
        0.00648658350110054,
        0.9888457655906677,
        -0.4681761562824249
      ],
      [
        0.0,
        0.0,
        0.0,
        1.0
      ]
    ],
    [
      [
        0.9886088371276855,
        0.002510629128664732,
        0.15048688650131226,
        -0.04898717999458313
      ],
      [
        -0.001550010871142149,
        0.9999776482582092,
        -0.00650035822764039,
        0.015204284340143204
      ],
      [
        -0.1504998356103897,
        0.006193055305629969,
        0.988590657711029,
        -0.4739539921283722
      ],
      [
        0.0,
        0.0,
        0.0,
        1.0
      ]
    ],
    [
      [
        0.9879571795463562,
        0.004384761210530996,
        0.1546652913093567,
        -0.051269497722387314
      ],
      [
        -0.0032876241020858288,
        0.9999675750732422,
        -0.007348692510277033,
        0.01591413840651512
      ],
      [
        -0.15469248592853546,
        0.006751711945980787,
        0.9879395961761475,
        -0.47927185893058777
      ],
      [
        0.0,
        0.0,
        0.0,
        1.0
      ]
    ],
    [
      [
        0.987542986869812,
        0.003822546685114503,
        0.15730300545692444,
        -0.05196980759501457
      ],
      [
        -0.0025992426089942455,
        0.9999647736549377,
        -0.007981717586517334,
        0.01587372086942196
      ],
      [
        -0.15732796490192413,
        0.007473420351743698,
        0.9875181317329407,
        -0.4834042191505432
      ],
      [
        0.0,
        0.0,
        0.0,
        1.0
      ]
    ],
    [
      [
        0.9867814779281616,
        0.004621842410415411,
        0.161990687251091,
        -0.05485713481903076
      ],
      [
        -0.003403696697205305,
        0.9999638199806213,
        -0.007796562742441893,
        0.015510394237935543
      ],
      [
        -0.16202086210250854,
        0.007142136339098215,
        0.9867615103721619,
        -0.4880596101284027
      ],
      [
        0.0,
        0.0,
        0.0,
        1.0
      ]
    ],
    [
      [
        0.986228346824646,
        0.005175262689590454,
        0.16530855000019073,
        -0.056607406586408615
      ],
      [
        -0.0041311620734632015,
        0.9999693036079407,
        -0.006659270729869604,
        0.014875335618853569
      ],
      [
        -0.165337935090065,
        0.005884645041078329,
        0.9862194061279297,
        -0.4939512312412262
      ],
      [
        0.0,
        0.0,
        0.0,
        1.0
      ]
    ]
  ],
  "height": 480,
  "width": 768
}