{
  "intrinsic": [
    [
      352.8126220703125,
      0.0,
      384.0
    ],
    [
      0.0,
      352.8126220703125,
      240.0
    ],
    [
      0.0,
      0.0,
      1.0
    ]
  ],
  "extrinsic": [
    [
      [
        0.9999999403953552,
        -0.00010280378046445549,
        0.0002531064674258232,
        -6.402433791663498e-05
      ],
      [
        0.00010280970309395343,
        1.0,
        -2.3386864995700307e-05,
        5.931824489380233e-05
      ],
      [
        -0.00025310408091172576,
        2.3412887458107434e-05,
        0.9999999403953552,
        9.109234815696254e-05
      ],
      [
        0.0,
        0.0,
        0.0,
        1.0
      ]
    ],
    [
      [
        0.9999994039535522,
        -0.000299780978821218,
        0.001066585653461516,
        -0.0012588504469022155
      ],
      [
        0.00029958077357150614,
        0.9999999403953552,
        0.00018788101442623883,
        -3.3931381040019915e-05
      ],
      [
        -0.0010666418820619583,
        -0.00018756136705633253,
        0.9999994039535522,
        0.0006920602754689753
      ],
      [
        0.0,
        0.0,
        0.0,
        1.0
      ]
    ],
    [
      [
        0.9999991059303284,
        -0.0001848348038038239,
        0.0013307841727510095,
        -0.00044984486885368824
      ],
      [
        0.00018377203377895057,
        0.9999996423721313,
        0.0007986860000528395,
        -6.976534496061504e-05
      ],
      [
        -0.0013309313217177987,
        -0.0007984407129697502,
        0.9999988079071045,
        0.00016932503785938025
      ],
      [
        0.0,
        0.0,
        0.0,
        1.0
      ]
    ],
    [
      [
        0.9999989867210388,
        -0.0003571776032913476,
        0.0013889746041968465,
        0.001056052977219224
      ],
      [
        0.0003556559677235782,
        0.9999993443489075,
        0.001095597050152719,
        4.2074221710208803e-05
      ],
      [
        -0.0013893649447709322,
        -0.001095101935788989,
        0.9999984502792358,
        -0.00026738038286566734
      ],
      [
        0.0,
        0.0,
        0.0,
        1.0
      ]
    ],
    [
      [
        0.9999991655349731,
        -0.00026739321765489876,
        0.0012620966881513596,
        0.0042699421755969524
      ],
      [
        0.00026665200130082667,
        0.9999998211860657,
        0.0005874002818018198,
        6.742187542840838e-05
      ],
      [
        -0.0012622534995898604,
        -0.0005870632012374699,
        0.9999990463256836,
        -0.002137398812919855
      ],
      [
        0.0,
        0.0,
        0.0,
        1.0
      ]
    ],
    [
      [
        0.9999998211860657,
        0.0002907161833718419,
        0.00046989027759991586,
        0.009308160282671452
      ],
      [
        -0.0002912339405156672,
        0.9999993443489075,
        0.0011022159596905112,
        -0.00011254615674261004
      ],
      [
        -0.00046956955338828266,
        -0.001102352631278336,
        0.9999992847442627,
        -0.006244278978556395
      ],
      [
        0.0,
        0.0,
        0.0,
        1.0
      ]
    ],
    [
      [
        0.9999995827674866,
        0.0002500194823369384,
        -0.0008824877440929413,
        0.013292632065713406
      ],
      [
        -0.00024888745974749327,
        0.9999991655349731,
        0.0012826721649616957,
        -7.51802945160307e-05
      ],
      [
        0.0008828076533973217,
        -0.0012824519071727991,
        0.9999988079071045,
        -0.009539678692817688
      ],
      [
        0.0,
        0.0,
        0.0,
        1.0
      ]
    ],
    [
      [
        0.9999945759773254,
        0.0007204877911135554,
        -0.0032073219772428274,
        0.018301203846931458
      ],
      [
        -0.0007154998602345586,
        0.9999985098838806,
        0.0015560234896838665,
        -0.00021991058019921184
      ],
      [
        0.003208438167348504,
        -0.0015537202125415206,
        0.999993622303009,
        -0.013139519840478897
      ],
      [
        0.0,
        0.0,
        0.0,
        1.0
      ]
    ],
    [
      [
        0.9999868273735046,
        0.0010564402909949422,
        -0.005027037113904953,
        0.023337170481681824
      ],
      [
        -0.001044386881403625,
        0.9999966025352478,
        0.002399751450866461,
        -0.0008162227459251881
      ],
      [
        0.005029554944485426,
        -0.002394469454884529,
        0.9999845027923584,
        -0.017104148864746094
      ],
      [
        0.0,
        0.0,
        0.0,
        1.0
      ]
    ],
    [
      [
        0.999976396560669,
        0.0014334801817312837,
        -0.006716440431773663,
        0.02747383341193199
      ],
      [
        -0.0014208535430952907,
        0.9999971985816956,
        0.0018843680154532194,
        -0.0008926138398237526
      ],
      [
        0.0067191231064498425,
        -0.0018747805152088404,
        0.9999756813049316,
        -0.0199359692633152
      ],
      [
        0.0,
        0.0,
        0.0,
        1.0
      ]
    ],
    [
      [
        0.9999566674232483,
        0.0014901499962434173,
        -0.009189637377858162,
        0.03205331042408943
      ],
      [
        -0.0014774664305150509,
        0.9999979734420776,
        0.0013868465321138501,
        -0.0011753622675314546
      ],
      [
        0.009191684424877167,
        -0.0013732090592384338,
        0.9999567866325378,
        -0.024462856352329254
      ],
      [
        0.0,
        0.0,
        0.0,
        1.0
      ]
    ],
    [
      [
        0.9999383687973022,
        0.0017208243953064084,
        -0.01096903532743454,
        0.03618509694933891
      ],
      [
        -0.001704365131445229,
        0.9999974370002747,
        0.0015096876304596663,
        -0.001778598758392036
      ],
      [
        0.01097160391509533,
        -0.0014908992452546954,
        0.9999387264251709,
        -0.028629830107092857
      ],
      [
        0.0,
        0.0,
        0.0,
        1.0
      ]
    ],
    [
      [
        0.9999068975448608,
        0.0016222711419686675,
        -0.01354995183646679,
        0.0403309240937233
      ],
      [
        -0.0015993018168956041,
        0.9999972581863403,
        0.0017058205557987094,
        -0.002180113224312663
      ],
      [
        0.013552682474255562,
        -0.0016839912859722972,
        0.9999067187309265,
        -0.03262988105416298
      ],
      [
        0.0,
        0.0,
        0.0,
        1.0
      ]
    ],
    [
      [
        0.9998787045478821,
        0.001861276221461594,
        -0.015463847666978836,
        0.04397968575358391
      ],
      [
        -0.001829036045819521,
        0.9999961256980896,
        0.0020987456664443016,
        -0.0026467391289770603
      ],
      [
        0.015467694029211998,
        -0.0020702071487903595,
        0.9998782277107239,
        -0.03684030845761299
      ],
      [
        0.0,
        0.0,
        0.0,
        1.0
      ]
    ],
    [
      [
        0.9998355507850647,
        0.002384940395131707,
        -0.017976557835936546,
        0.04765810817480087
      ],
      [
        -0.0023370760027319193,
        0.9999936819076538,
        0.0026831291615962982,
        -0.0030214854050427675
      ],
      [
        0.01798284240067005,
        -0.0026406755205243826,
        0.9998348355293274,
        -0.04012036323547363
      ],
      [
        0.0,
        0.0,
        0.0,
        1.0
      ]
    ],
    [
      [
        0.9997788667678833,
        0.0032703233882784843,
        -0.02077229507267475,
        0.051616378128528595
      ],
      [
        -0.0032149399630725384,
        0.9999911785125732,
        0.0026990536134690046,
        -0.003690253011882305
      ],
      [
        0.020780939608812332,
        -0.002631674986332655,
        0.9997805953025818,
        -0.045138049870729446
      ],
      [
        0.0,
        0.0,
        0.0,
        1.0
      ]
    ],
    [
      [
        0.9997239708900452,
        0.0035739487502723932,
        -0.023220689967274666,
        0.05552498996257782
      ],
      [
        -0.003518519690260291,
        0.9999908804893494,
        0.0024274669121950865,
        -0.004229191690683365
      ],
      [
        0.02322915568947792,
        -0.002345094457268715,
        0.9997274279594421,
        -0.04939712956547737
      ],
      [
        0.0,
        0.0,
        0.0,
        1.0
      ]
    ],
    [
      [
        0.9996787309646606,
        0.0038366878870874643,
        -0.02505330555140972,
        0.059402912855148315
      ],
      [
        -0.003765861038118601,
        0.9999887943267822,
        0.0028736137319356203,
        -0.004666798282414675
      ],
      [
        0.025064049288630486,
        -0.002778343390673399,
        0.9996820092201233,
        -0.05263884365558624
      ],
      [
        0.0,
        0.0,
        0.0,
        1.0
      ]
    ],
    [
      [
        0.9996052384376526,
        0.003867252729833126,
        -0.027828829362988472,
        0.06331143528223038
      ],
      [
        -0.0037975881714373827,
        0.9999895095825195,
        0.002555745653808117,
        -0.004656511824578047
      ],
      [
        0.02783842198550701,
        -0.0024490540381520987,
        0.9996094107627869,
        -0.056491538882255554
      ],
      [
        0.0,
        0.0,
        0.0,
        1.0
      ]
    ],
    [
      [
        0.9995139241218567,
        0.004472896456718445,
        -0.03085269406437874,
        0.0680529922246933
      ],
      [
        -0.004408362787216902,
        0.9999879598617554,
        0.002159367548301816,
        -0.00488770566880703
      ],
      [
        0.030861983075737953,
        -0.002022308064624667,
        0.9995216131210327,
        -0.06086060777306557
      ],
      [
        0.0,
        0.0,
        0.0,
        1.0
      ]
    ],
    [
      [
        0.9994339942932129,
        0.00456485478207469,
        -0.03332989662885666,
        0.07303871214389801
      ],
      [
        -0.0044977106153965,
        0.9999877214431763,
        0.0020892294123768806,
        -0.004402033053338528
      ],
      [
        0.03333902359008789,
        -0.001938138622790575,
        0.9994422197341919,
        -0.06485307961702347
      ],
      [
        0.0,
        0.0,
        0.0,
        1.0
      ]
    ],
    [
      [
        0.9992954134941101,
        0.004635059740394354,
        -0.03724578395485878,
        0.07841811329126358
      ],
      [
        -0.004562686197459698,
        0.9999875426292419,
        0.0020278808660805225,
        -0.003701637964695692
      ],
      [
        0.03725471720099449,
        -0.0018565112259238958,
        0.9993040561676025,
        -0.06826375424861908
      ],
      [
        0.0,
        0.0,
        0.0,
        1.0
      ]
    ],
    [
      [
        0.9991892576217651,
        0.004762562923133373,
        -0.03997625783085823,
        0.08280601352453232
      ],
      [
        -0.004678488243371248,
        0.9999866485595703,
        0.0021964162588119507,
        -0.0030921841971576214
      ],
      [
        0.03998618200421333,
        -0.002007606904953718,
        0.9991981983184814,
        -0.07186076790094376
      ],
      [
        0.0,
        0.0,
        0.0,
        1.0
      ]
    ],
    [
      [
        0.999051034450531,
        0.005312168039381504,
        -0.04322923719882965,
        0.08794126659631729
      ],
      [
        -0.005222565960139036,
        0.9999839663505554,
        0.002185394521802664,
        -0.0027218444738537073
      ],
      [
        0.043240152299404144,
        -0.0019575534388422966,
        0.9990627765655518,
        -0.07506386190652847
      ],
      [
        0.0,
        0.0,
        0.0,
        1.0
      ]
    ],
    [
      [
        0.9989227056503296,
        0.005061183124780655,
        -0.04612810164690018,
        0.09226258099079132
      ],
      [
        -0.004977728705853224,
        0.9999857544898987,
        0.0019238723907619715,
        -0.002368706976994872
      ],
      [
        0.04613718390464783,
        -0.0016921866917982697,
        0.9989336729049683,
        -0.07800329476594925
      ],
      [
        0.0,
        0.0,
        0.0,
        1.0
      ]
    ],
    [
      [
        0.998781681060791,
        0.005604659207165241,
        -0.04902810603380203,
        0.09670205414295197
      ],
      [
        -0.005548147950321436,
        0.9999837875366211,
        0.0012886428739875555,
        -0.0022340617142617702
      ],
      [
        0.04903453588485718,
        -0.0010150577872991562,
        0.9987965822219849,
        -0.08077181875705719
      ],
      [
        0.0,
        0.0,
        0.0,
        1.0
      ]
    ],
    [
      [
        0.9985998868942261,
        0.00567803718149662,
        -0.052592888474464417,
        0.10065433382987976
      ],
      [
        -0.005618886556476355,
        0.9999834299087524,
        0.0012724853586405516,
        -0.0017915255157276988
      ],
      [
        0.05259924381971359,
        -0.000975190254393965,
        0.9986152052879333,
        -0.08201877027750015
      ],
      [
        0.0,
        0.0,
        0.0,
        1.0
      ]
    ],
    [
      [
        0.998450517654419,
        0.0061763254925608635,
        -0.055303193628787994,
        0.10523480176925659
      ],
      [
        -0.006063414737582207,
        0.9999791979789734,
        0.0022092172876000404,
        -0.0017995174275711179
      ],
      [
        0.055315688252449036,
        -0.0018704679096117616,
        0.9984671473503113,
        -0.0838351771235466
      ],
      [
        0.0,
        0.0,
        0.0,
        1.0
      ]
    ],
    [
      [
        0.9982202053070068,
        0.006322159431874752,
        -0.05929946154356003,
        0.10949225723743439
      ],
      [
        -0.006248155143111944,
        0.9999794363975525,
        0.0014333114959299564,
        -0.0007746724295429885
      ],
      [
        0.05930730700492859,
        -0.0010602484690025449,
        0.9982392191886902,
        -0.08484018594026566
      ],
      [
        0.0,
        0.0,
        0.0,
        1.0
      ]
    ],
    [
      [
        0.9979996681213379,
        0.006536661647260189,
        -0.06287988275289536,
        0.11375372111797333
      ],
      [
        -0.006431198678910732,
        0.9999775290489197,
        0.0018794626230373979,
        -0.0008092511561699212
      ],
      [
        0.06289076060056686,
        -0.001471310039050877,
        0.9980193376541138,
        -0.0861034095287323
      ],
      [
        0.0,
        0.0,
        0.0,
        1.0
      ]
    ],
    [
      [
        0.997779369354248,
        0.007032685447484255,
        -0.06623326987028122,
        0.11819185316562653
      ],
      [
        -0.006881668698042631,
        0.9999731779098511,
        0.0025079522747546434,
        -0.0008741058991290629
      ],
      [
        0.06624912470579147,
        -0.0020465876441448927,
        0.9978010058403015,
        -0.0861964076757431
      ],
      [
        0.0,
        0.0,
        0.0,
        1.0
      ]
    ],
    [
      [
        0.997453510761261,
        0.00739281577989459,
        -0.07093546539545059,
        0.12456013262271881
      ],
      [
        -0.007241127081215382,
        0.9999709129333496,
        0.0023953146301209927,
        -0.0009793548379093409
      ],
      [
        0.07095111161470413,
        -0.00187556236051023,
        0.9974780082702637,
        -0.08645793795585632
      ],
      [
        0.0,
        0.0,
        0.0,
        1.0
      ]
    ],
    [
      [
        0.9971742630004883,
        0.007612130604684353,
        -0.07473643124103546,
        0.13033755123615265
      ],
      [
        -0.007439697626978159,
        0.9999690055847168,
        0.002585339592769742,
        -0.0003144993679597974
      ],
      [
        0.0747537910938263,
        -0.002022017724812031,
        0.9971999526023865,
        -0.08598213642835617
      ],
      [
        0.0,
        0.0,
        0.0,
        1.0
      ]
    ],
    [
      [
        0.9967591762542725,
        0.007545246742665768,
        -0.08008906245231628,
        0.13725276291370392
      ],
      [
        -0.007293283008038998,
        0.9999675154685974,
        0.003438106505200267,
        0.00027955404948443174
      ],
      [
        0.08011239022016525,
        -0.0028428519144654274,
        0.9967817664146423,
        -0.08615754544734955
      ],
      [
        0.0,
        0.0,
        0.0,
        1.0
      ]
    ],
    [
      [
        0.9964020848274231,
        0.008183508180081844,
        -0.084355928003788,
        0.144587904214859
      ],
      [
        -0.0078865522518754,
        0.9999614953994751,
        0.003852919675409794,
        0.0006916895508766174
      ],
      [
        0.08438420295715332,
        -0.00317377969622612,
        0.9964282512664795,
        -0.08571219444274902
      ],
      [
        0.0,
        0.0,
        0.0,
        1.0
      ]
    ],
    [
      [
        0.9959288835525513,
        0.00795339047908783,
        -0.08979109674692154,
        0.15282581746578217
      ],
      [
        -0.007723204325884581,
        0.9999659657478333,
        0.0029107248410582542,
        0.0016751006478443742
      ],
      [
        0.08981118351221085,
        -0.0022053997963666916,
        0.9959563612937927,
        -0.08570624887943268
      ],
      [
        0.0,
        0.0,
        0.0,
        1.0
      ]
    ],
    [
      [
        0.9953962564468384,
        0.008162517100572586,
        -0.0954967588186264,
        0.16084182262420654
      ],
      [
        -0.007909842766821384,
        0.9999641180038452,
        0.0030241538770496845,
        0.002131855580955744
      ],
      [
        0.09551802277565002,
        -0.0022548669949173927,
        0.9954251646995544,
        -0.08501719683408737
      ],
      [
        0.0,
        0.0,
        0.0,
        1.0
      ]
    ],
    [
      [
        0.994772732257843,
        0.008762296289205551,
        -0.10173729807138443,
        0.16879040002822876
      ],
      [
        -0.008390921168029308,
        0.999956488609314,
        0.00407771859318018,
        0.0020820782519876957
      ],
      [
        0.1017686054110527,
        -0.0032027335837483406,
        0.9948029518127441,
        -0.08326654136180878
      ],
      [
        0.0,
        0.0,
        0.0,
        1.0
      ]
    ],
    [
      [
        0.9940900802612305,
        0.009041988290846348,
        -0.10818102955818176,
        0.17678135633468628
      ],
      [
        -0.008581713773310184,
        0.9999520182609558,
        0.004719484131783247,
        0.0023329693358391523
      ],
      [
        0.10821852087974548,
        -0.0037632137537002563,
        0.9941200017929077,
        -0.08158685266971588
      ],
      [
        0.0,
        0.0,
        0.0,
        1.0
      ]
    ],
    [
      [
        0.9934647679328918,
        0.009252894669771194,
        -0.11376352608203888,
        0.18460893630981445
      ],
      [
        -0.00875153485685587,
        0.9999496936798096,
        0.004905675072222948,
        0.0025091387797147036
      ],
      [
        0.1138031929731369,
        -0.003878009505569935,
        0.993495762348175,
        -0.07942964881658554
      ],
      [
        0.0,
        0.0,
        0.0,
        1.0
      ]
    ],
    [
      [
        0.9925638437271118,
        0.010082191787660122,
        -0.1213071346282959,
        0.19220134615898132
      ],
      [
        -0.009526350535452366,
        0.9999412894248962,
        0.005161182954907417,
        0.0023946964647620916
      ],
      [
        0.12135204672813416,
        -0.003967189695686102,
        0.9926015734672546,
        -0.07669674605131149
      ],
      [
        0.0,
        0.0,
        0.0,
        1.0
      ]
    ],
    [
      [
        0.9916277527809143,
        0.010587990283966064,
        -0.12869468331336975,
        0.19927194714546204
      ],
      [
        -0.010086579248309135,
        0.9999387860298157,
        0.004547277465462685,
        0.00243302620947361
      ],
      [
        0.12873493134975433,
        -0.003211117349565029,
        0.9916738271713257,
        -0.0740620568394661
      ],
      [
        0.0,
        0.0,
        0.0,
        1.0
      ]
    ],
    [
      [
        0.9906797409057617,
        0.011159759014844894,
        -0.13575367629528046,
        0.2056170403957367
      ],
      [
        -0.010507458820939064,
        0.9999295473098755,
        0.005520626436918974,
        0.002165324054658413
      ],
      [
        0.13580571115016937,
        -0.004042746964842081,
        0.9907272458076477,
        -0.07124771177768707
      ],
      [
        0.0,
        0.0,
        0.0,
        1.0
      ]
    ],
    [
      [
        0.9893791079521179,
        0.011905592866241932,
        -0.14486971497535706,
        0.2129790484905243
      ],
      [
        -0.011117053218185902,
        0.9999186396598816,
        0.0062514403834939,
        0.001201749430038035
      ],
      [
        0.144932359457016,
        -0.004574520513415337,
        0.9894309639930725,
        -0.06739403307437897
      ],
      [
        0.0,
        0.0,
        0.0,
        1.0
      ]
    ],
    [
      [
        0.9880366325378418,
        0.013302764855325222,
        -0.15364444255828857,
        0.21906384825706482
      ],
      [
        -0.012545525096356869,
        0.9999039173126221,
        0.00589704466983676,
        0.0007517001940868795
      ],
      [
        0.15370813012123108,
        -0.003898946102708578,
        0.9881085753440857,
        -0.06395275890827179
      ],
      [
        0.0,
        0.0,
        0.0,
        1.0
      ]
    ],
    [
      [
        0.9868662357330322,
        0.014357766136527061,
        -0.16090016067028046,
        0.2246800810098648
      ],
      [
        -0.013543524779379368,
        0.9998893141746521,
        0.006156174000352621,
        0.00013248171308077872
      ],
      [
        0.16097073256969452,
        -0.0038961649406701326,
        0.986951470375061,
        -0.05981166660785675
      ],
      [
        0.0,
        0.0,
        0.0,
        1.0
      ]
    ],
    [
      [
        0.9855602383613586,
        0.015133325941860676,
        -0.1686473935842514,
        0.2306642234325409
      ],
      [
        -0.014239304699003696,
        0.9998774528503418,
        0.006509304512292147,
        -0.0003757658996619284
      ],
      [
        0.16872522234916687,
        -0.0040138899348676205,
        0.9856549501419067,
        -0.0551396943628788
      ],
      [
        0.0,
        0.0,
        0.0,
        1.0
      ]
    ],
    [
      [
        0.9843832850456238,
        0.016492091119289398,
        -0.1752643883228302,
        0.23625540733337402
      ],
      [
        -0.015465815551578999,
        0.999854326248169,
        0.0072199455462396145,
        -0.0011767465621232986
      ],
      [
        0.17535793781280518,
        -0.004396586678922176,
        0.9844949245452881,
        -0.04880128800868988
      ],
      [
        0.0,
        0.0,
        0.0,
        1.0
      ]
    ],
    [
      [
        0.9831175208091736,
        0.01673932932317257,
        -0.18220801651477814,
        0.24146224558353424
      ],
      [
        -0.0156478900462389,
        0.9998499751091003,
        0.007426141295582056,
        -0.0017288797535002232
      ],
      [
        0.1823049783706665,
        -0.004449598025530577,
        0.9832319617271423,
        -0.04354363679885864
      ],
      [
        0.0,
        0.0,
        0.0,
        1.0
      ]
    ],
    [
      [
        0.9818357825279236,
        0.017603890970349312,
        -0.18891416490077972,
        0.2468189150094986
      ],
      [
        -0.016671696677803993,
        0.999839723110199,
        0.006522538606077433,
        -0.0017437426140531898
      ],
      [
        0.18899869918823242,
        -0.0032545423600822687,
        0.9819719195365906,
        -0.036602798849344254
      ],
      [
        0.0,
        0.0,
        0.0,
        1.0
      ]
    ],
    [
      [
        0.9806244969367981,
        0.01889408379793167,
        -0.19498348236083984,
        0.25165921449661255
      ],
      [
        -0.01784261129796505,
        0.9998152852058411,
        0.007147730328142643,
        -0.0020114548970013857
      ],
      [
        0.19508250057697296,
        -0.003530224785208702,
        0.9807804822921753,
        -0.031013397499918938
      ],
      [
        0.0,
        0.0,
        0.0,
        1.0
      ]
    ],
    [
      [
        0.9797467589378357,
        0.019649934023618698,
        -0.1992742419242859,
        0.2560892105102539
      ],
      [
        -0.01844117045402527,
        0.999798595905304,
        0.007920244708657265,
        -0.002854329999536276
      ],
      [
        0.1993897408246994,
        -0.004084984306246042,
        0.979911744594574,
        -0.02521391212940216
      ],
      [
        0.0,
        0.0,
        0.0,
        1.0
      ]
    ],
    [
      [
        0.9786244034767151,
        0.020436182618141174,
        -0.20463794469833374,
        0.261689156293869
      ],
      [
        -0.019348377361893654,
        0.9997860193252563,
        0.0073154391720891,
        -0.0038544319104403257
      ],
      [
        0.2047436684370041,
        -0.003199654398486018,
        0.9788104295730591,
        -0.01942482590675354
      ],
      [
        0.0,
        0.0,
        0.0,
        1.0
      ]
    ],
    [
      [
        0.9775083065032959,
        0.020872555673122406,
        -0.20986147224903107,
        0.2665523588657379
      ],
      [
        -0.019724251702427864,
        0.9997768402099609,
        0.007563465740531683,
        -0.0038663416635245085
      ],
      [
        0.20997251570224762,
        -0.0032539907842874527,
        0.9777019023895264,
        -0.012765525840222836
      ],
      [
        0.0,
        0.0,
        0.0,
        1.0
      ]
    ],
    [
      [
        0.9763978719711304,
        0.02183397300541401,
        -0.2148730605840683,
        0.2715569734573364
      ],
      [
        -0.02041918970644474,
        0.9997527599334717,
        0.008802038617432117,
        -0.004621168132871389
      ],
      [
        0.21501211822032928,
        -0.0042067584581673145,
        0.97660231590271,
        -0.006849512457847595
      ],
      [
        0.0,
        0.0,
        0.0,
        1.0
      ]
    ],
    [
      [
        0.9751216173171997,
        0.022625360637903214,
        -0.2205127775669098,
        0.277080237865448
      ],
      [
        -0.021491803228855133,
        0.9997406005859375,
        0.007538657169789076,
        -0.00468824990093708
      ],
      [
        0.22062614560127258,
        -0.0026118902023881674,
        0.9753549695014954,
        0.000564026297070086
      ],
      [
        0.0,
        0.0,
        0.0,
        1.0
      ]
    ],
    [
      [
        0.9741912484169006,
        0.022880861535668373,
        -0.22456158697605133,
        0.2822330594062805
      ],
      [
        -0.02174842730164528,
        0.9997352361679077,
        0.007515429053455591,
        -0.004585194867104292
      ],
      [
        0.22467409074306488,
        -0.002437604358419776,
        0.9744309186935425,
        0.006420506630092859
      ],
      [
        0.0,
        0.0,
        0.0,
        1.0
      ]
    ],
    [
      [
        0.97304767370224,
        0.023376984521746635,
        -0.22941619157791138,
        0.287874698638916
      ],
      [
        -0.022091515362262726,
        0.9997225403785706,
        0.00817031692713499,
        -0.004431425593793392
      ],
      [
        0.229543536901474,
        -0.0028819567523896694,
        0.9732941389083862,
        0.010924747213721275
      ],
      [
        0.0,
        0.0,
        0.0,
        1.0
      ]
    ],
    [
      [
        0.9719315767288208,
        0.023512527346611023,
        -0.23408576846122742,
        0.2930985987186432
      ],
      [
        -0.022276168689131737,
        0.9997204542160034,
        0.00792462844401598,
        -0.004299929831176996
      ],
      [
        0.2342066466808319,
        -0.0024876627139747143,
        0.9721836447715759,
        0.016695106402039528
      ],
      [
        0.0,
        0.0,
        0.0,
        1.0
      ]
    ],
    [
      [
        0.9708064198493958,
        0.023850906640291214,
        -0.23867551982402802,
        0.29903721809387207
      ],
      [
        -0.022661136463284492,
        0.9997133612632751,
        0.0077280267141759396,
        -0.004367695655673742
      ],
      [
        0.23879140615463257,
        -0.0020937598310410976,
        0.9710686206817627,
        0.022307226434350014
      ],
      [
        0.0,
        0.0,
        0.0,
        1.0
      ]
    ],
    [
      [
        0.9698460698127747,
        0.02431267313659191,
        -0.24250251054763794,
        0.3047148287296295
      ],
      [
        -0.022995630279183388,
        0.9997014403343201,
        0.00826050154864788,
        -0.004133604001253843
      ],
      [
        0.2426309436559677,
        -0.002434917725622654,
        0.970115602016449,
        0.02773764170706272
      ],
      [
        0.0,
        0.0,
        0.0,
        1.0
      ]
    ],
    [
      [
        0.9688907861709595,
        0.024256732314825058,
        -0.2462971955537796,
        0.31088709831237793
      ],
      [
        -0.022941479459404945,
        0.9997031092643738,
        0.008208555169403553,
        -0.003898479975759983
      ],
      [
        0.24642319977283478,
        -0.002302771434187889,
        0.9691596031188965,
        0.03191203624010086
      ],
      [
        0.0,
        0.0,
        0.0,
        1.0
      ]
    ],
    [
      [
        0.9680189490318298,
        0.02473263442516327,
        -0.24965493381023407,
        0.3159811198711395
      ],
      [
        -0.023461347445845604,
        0.9996922016143799,
        0.008067108690738678,
        -0.004293115809559822
      ],
      [
        0.24977760016918182,
        -0.001951873768121004,
        0.9683012962341309,
        0.036778952926397324
      ],
      [
        0.0,
        0.0,
        0.0,
        1.0
      ]
    ],
    [
      [
        0.9670868515968323,
        0.02485724166035652,
        -0.2532293498516083,
        0.3228100836277008
      ],
      [
        -0.023372100666165352,
        0.9996874928474426,
        0.008871872909367085,
        -0.0045264107175171375
      ],
      [
        0.2533707320690155,
        -0.002661369042471051,
        0.9673656225204468,
        0.041243698447942734
      ],
      [
        0.0,
        0.0,
        0.0,
        1.0
      ]
    ],
    [
      [
        0.9664325714111328,
        0.024616524577140808,
        -0.2557383179664612,
        0.32941681146621704
      ],
      [
        -0.023206355050206184,
        0.999694287776947,
        0.008530673570930958,
        -0.005062161944806576
      ],
      [
        0.25587010383605957,
        -0.0023095677606761456,
        0.9667084217071533,
        0.0462813526391983
      ],
      [
        0.0,
        0.0,
        0.0,
        1.0
      ]
    ],
    [
      [
        0.9656931161880493,
        0.02471853420138359,
        -0.2585068643093109,
        0.33634153008461
      ],
      [
        -0.023320168256759644,
        0.9996921420097351,
        0.008474819362163544,
        -0.005629483610391617
      ],
      [
        0.25863680243492126,
        -0.0021556506399065256,
        0.9659722447395325,
        0.05002663657069206
      ],
      [
        0.0,
        0.0,
        0.0,
        1.0
      ]
    ],
    [
      [
        0.9650163054466248,
        0.02479739859700203,
        -0.2610146105289459,
        0.34333446621894836
      ],
      [
        -0.023494357243180275,
        0.9996910691261292,
        0.00811180379241705,
        -0.005954580847173929
      ],
      [
        0.26113513112068176,
        -0.001695652143098414,
        0.9653007984161377,
        0.05518272519111633
      ],
      [
        0.0,
        0.0,
        0.0,
        1.0
      ]
    ],
    [
      [
        0.9641940593719482,
        0.02473864145576954,
        -0.2640412449836731,
        0.35084250569343567
      ],
      [
        -0.023673761636018753,
        0.9996936917304993,
        0.007214646320790052,
        -0.006078836042433977
      ],
      [
        0.2641388773918152,
        -0.000705469399690628,
        0.9644843935966492,
        0.06060357764363289
      ],
      [
        0.0,
        0.0,
        0.0,
        1.0
      ]
    ],
    [
      [
        0.9634629487991333,
        0.024976423010230064,
        -0.2666745185852051,
        0.35893312096595764
      ],
      [
        -0.0242585651576519,
        0.9996877908706665,
        0.005986302625387907,
        -0.005362380761653185
      ],
      [
        0.2667407691478729,
        0.0007015594164840877,
        0.9637680649757385,
        0.06513094902038574
      ],
      [
        0.0,
        0.0,
        0.0,
        1.0
      ]
    ],
    [
      [
        0.962955892086029,
        0.024960853159427643,
        -0.2685011923313141,
        0.3655027151107788
      ],
      [
        -0.02428351156413555,
        0.9996880292892456,
        0.005843975115567446,
        -0.0054463790729641914
      ],
      [
        0.26856327056884766,
        0.000892661337275058,
        0.963261604309082,
        0.07089313864707947
      ],
      [
        0.0,
        0.0,
        0.0,
        1.0
      ]
    ],
    [
      [
        0.9622567892074585,
        0.02488771639764309,
        -0.27100273966789246,
        0.37223467230796814
      ],
      [
        -0.02378949150443077,
        0.999690055847168,
        0.0073372069746255875,
        -0.005157239735126495
      ],
      [
        0.27110135555267334,
        -0.0006132603157311678,
        0.9625506401062012,
        0.07482073456048965
      ],
      [
        0.0,
        0.0,
        0.0,
        1.0
      ]
    ],
    [
      [
        0.9616402387619019,
        0.025122445076704025,
        -0.2731609046459198,
        0.37898823618888855
      ],
      [
        -0.02416992001235485,
        0.9996843934059143,
        0.006852174177765846,
        -0.005311639979481697
      ],
      [
        0.2732468545436859,
        1.2951700227858964e-05,
        0.9619439244270325,
        0.07922986149787903
      ],
      [
        0.0,
        0.0,
        0.0,
        1.0
      ]
    ],
    [
      [
        0.9607996344566345,
        0.02492779679596424,
        -0.27612075209617615,
        0.38614755868911743
      ],
      [
        -0.024617772549390793,
        0.9996864199638367,
        0.00458940677344799,
        -0.005171849392354488
      ],
      [
        0.27614858746528625,
        0.0023879774380475283,
        0.9611120223999023,
        0.08453171700239182
      ],
      [
        0.0,
        0.0,
        0.0,
        1.0
      ]
    ],
    [
      [
        0.9598311185836792,
        0.02540154568850994,
        -0.2794262170791626,
        0.39225122332572937
      ],
      [
        -0.025012213736772537,
        0.9996748566627502,
        0.004959395155310631,
        -0.005288030952215195
      ],
      [
        0.2794613242149353,
        0.00222888495773077,
        0.9601543545722961,
        0.08905120939016342
      ],
      [
        0.0,
        0.0,
        0.0,
        1.0
      ]
    ],
    [
      [
        0.9589723944664001,
        0.02568362094461918,
        -0.28233373165130615,
        0.39762187004089355
      ],
      [
        -0.025098370388150215,
        0.9996687769889832,
        0.0056899674236774445,
        -0.005336259491741657
      ],
      [
        0.2823863625526428,
        0.001629594131372869,
        0.9592993855476379,
        0.09368792176246643
      ],
      [
        0.0,
        0.0,
        0.0,
        1.0
      ]
    ],
    [
      [
        0.957919716835022,
        0.025706904008984566,
        -0.285882830619812,
        0.4041748642921448
      ],
      [
        -0.025471994653344154,
        0.9996652007102966,
        0.004540922120213509,
        -0.005390608683228493
      ],
      [
        0.28590384125709534,
        0.002932167612016201,
        0.958253800868988,
        0.09730194509029388
      ],
      [
        0.0,
        0.0,
        0.0,
        1.0
      ]
    ],
    [
      [
        0.9573621153831482,
        0.02658388949930668,
        -0.28766483068466187,
        0.4078575074672699
      ],
      [
        -0.026450706645846367,
        0.9996406435966492,
        0.0043503050692379475,
        -0.0048416899517178535
      ],
      [
        0.2876770794391632,
        0.0034441212192177773,
        0.9577212929725647,
        0.10120054334402084
      ],
      [
        0.0,
        0.0,
        0.0,
        1.0
      ]
    ],
    [
      [
        0.9567305445671082,
        0.02738265134394169,
        -0.2896840572357178,
        0.4125799238681793
      ],
      [
        -0.027050118893384933,
        0.999620795249939,
        0.0051524885930120945,
        -0.004801614210009575
      ],
      [
        0.2897152900695801,
        0.002906444249674678,
        0.9571084380149841,
        0.10598479211330414
      ],
      [
        0.0,
        0.0,
        0.0,
        1.0
      ]
    ],
    [
      [
        0.9560038447380066,
        0.02822686918079853,
        -0.29199302196502686,
        0.4163746237754822
      ],
      [
        -0.028110310435295105,
        0.9995942711830139,
        0.004595494829118252,
        -0.005689979065209627
      ],
      [
        0.2920042872428894,
        0.0038147042505443096,
        0.9564093947410583,
        0.1097126454114914
      ],
      [
        0.0,
        0.0,
        0.0,
        1.0
      ]
    ],
    [
      [
        0.9554648399353027,
        0.02903573028743267,
        -0.2936731278896332,
        0.420561283826828
      ],
      [
        -0.028708048164844513,
        0.9995731115341187,
        0.005427147261798382,
        -0.006024753674864769
      ],
      [
        0.29370537400245667,
        0.003245333908125758,
        0.9558904767036438,
        0.1149241104722023
      ],
      [
        0.0,
        0.0,
        0.0,
        1.0
      ]
    ],
    [
      [
        0.9548943042755127,
        0.029278824105858803,
        -0.2954990267753601,
        0.4238049387931824
      ],
      [
        -0.028967805206775665,
        0.999565601348877,
        0.005431201308965683,
        -0.0069356453604996204
      ],
      [
        0.29552966356277466,
        0.003373734885826707,
        0.9553276300430298,
        0.11860406398773193
      ],
      [
        0.0,
        0.0,
        0.0,
        1.0
      ]
    ]
  ],
  "height": 480,
  "width": 768
}