{
  "intrinsic": [
    [
      364.890625,
      0.0,
      384.0
    ],
    [
      0.0,
      364.890625,
      240.0
    ],
    [
      0.0,
      0.0,
      1.0
    ]
  ],
  "extrinsic": [
    [
      [
        0.9999998807907104,
        7.226916295621777e-06,
        0.0004399442404974252,
        0.00037135646562092006
      ],
      [
        -7.183307388913818e-06,
        1.0,
        -9.912386303767562e-05,
        1.0808477782120463e-05
      ],
      [
        -0.00043994493898935616,
        9.912068344419822e-05,
        0.9999998807907104,
        -8.149011409841478e-05
      ],
      [
        0.0,
        0.0,
        0.0,
        1.0
      ]
    ],
    [
      [
        0.9999801516532898,
        -0.00046610625577159226,
        0.006287909112870693,
        -0.0049850656650960445
      ],
      [
        0.000467262085294351,
        0.9999998807907104,
        -0.00018235185416415334,
        -0.0006595260347239673
      ],
      [
        -0.006287823431193829,
        0.00018528633518144488,
        0.9999802112579346,
        -0.008749991655349731
      ],
      [
        0.0,
        0.0,
        0.0,
        1.0
      ]
    ],
    [
      [
        0.9999960064888,
        -0.0008545656455680728,
        0.0026998771354556084,
        -0.00431044539436698
      ],
      [
        0.0008557862602174282,
        0.9999995231628418,
        -0.0004509605059865862,
        -0.00045513384975492954
      ],
      [
        -0.0026994908694177866,
        0.00045326922554522753,
        0.9999962449073792,
        -0.008559715002775192
      ],
      [
        0.0,
        0.0,
        0.0,
        1.0
      ]
    ],
    [
      [
        0.9999962449073792,
        -0.000950956717133522,
        -0.0025766112376004457,
        -0.003681506961584091
      ],
      [
        0.0009488281793892384,
        0.9999992251396179,
        -0.0008272147970274091,
        -0.0006746855215169489
      ],
      [
        0.0025773956440389156,
        0.0008247669320553541,
        0.9999963641166687,
        -0.008144315332174301
      ],
      [
        0.0,
        0.0,
        0.0,
        1.0
      ]
    ],
    [
      [
        0.9999306797981262,
        -0.0008092638454400003,
        -0.011748474091291428,
        -0.002378493081778288
      ],
      [
        0.0007909239502623677,
        0.9999984502792358,
        -0.00156560936011374,
        -0.0003862362646032125
      ],
      [
        0.011749723926186562,
        0.0015562087064608932,
        0.9999297857284546,
        -0.005087519530206919
      ],
      [
        0.0,
        0.0,
        0.0,
        1.0
      ]
    ],
    [
      [
        0.9997427463531494,
        -0.001470644841901958,
        -0.02263415791094303,
        -0.001529404427856207
      ],
      [
        0.0014385636895895004,
        0.9999979138374329,
        -0.001433593686670065,
        -0.0005283956998027861
      ],
      [
        0.02263621799647808,
        0.0014006642159074545,
        0.9997428059577942,
        -0.003083601361140609
      ],
      [
        0.0,
        0.0,
        0.0,
        1.0
      ]
    ],
    [
      [
        0.9993982911109924,
        -0.0016645387513563037,
        -0.03464530408382416,
        -0.0005576053517870605
      ],
      [
        0.0015540370950475335,
        0.999993622303009,
        -0.00321619538590312,
        -0.00033316921326331794
      ],
      [
        0.03465043753385544,
        0.0031604201067239046,
        0.9993944764137268,
        -0.0022289264015853405
      ],
      [
        0.0,
        0.0,
        0.0,
        1.0
      ]
    ],
    [
      [
        0.9988152980804443,
        -0.0012824158184230328,
        -0.04864570498466492,
        0.0006065196939744055
      ],
      [
        0.001076188520528376,
        0.9999903440475464,
        -0.0042653270065784454,
        3.0639646865893155e-05
      ],
      [
        0.04865070432424545,
        0.004207921680063009,
        0.9988070130348206,
        -0.000124898215290159
      ],
      [
        0.0,
        0.0,
        0.0,
        1.0
      ]
    ],
    [
      [
        0.9978201389312744,
        -0.001822714926674962,
        -0.06596697121858597,
        0.0017783227376639843
      ],
      [
        0.0016300819115713239,
        0.9999942779541016,
        -0.002973851514980197,
        -3.1750223570270464e-05
      ],
      [
        0.06597200781106949,
        0.0028598373755812645,
        0.9978173971176147,
        0.0022808404173702
      ],
      [
        0.0,
        0.0,
        0.0,
        1.0
      ]
    ],
    [
      [
        0.9962860941886902,
        -0.003057314082980156,
        -0.0860503762960434,
        0.003110358025878668
      ],
      [
        0.0027051966171711683,
        0.9999874830245972,
        -0.004208304453641176,
        0.00013437059533316642
      ],
      [
        0.08606215566396713,
        0.003959891851991415,
        0.9962819218635559,
        0.005800612736493349
      ],
      [
        0.0,
        0.0,
        0.0,
        1.0
      ]
    ],
    [
      [
        0.9942598938941956,
        -0.002804413205012679,
        -0.10695523023605347,
        0.004340013023465872
      ],
      [
        0.0022958912886679173,
        0.9999854564666748,
        -0.004877368453890085,
        0.0006211129948496819
      ],
      [
        0.10696735978126526,
        0.0046038138680160046,
        0.9942518472671509,
        0.010554851032793522
      ],
      [
        0.0,
        0.0,
        0.0,
        1.0
      ]
    ],
    [
      [
        0.9912254810333252,
        -0.003983591683208942,
        -0.13212202489376068,
        0.004975191317498684
      ],
      [
        0.003335546236485243,
        0.9999812841415405,
        -0.005125857423990965,
        0.0009451032965444028
      ],
      [
        0.13213998079299927,
        0.004640181083232164,
        0.9912201762199402,
        0.014515784569084644
      ],
      [
        0.0,
        0.0,
        0.0,
        1.0
      ]
    ],
    [
      [
        0.9876760244369507,
        -0.0025792389642447233,
        -0.15649089217185974,
        0.004187604412436485
      ],
      [
        0.0017949816538020968,
        0.9999850988388062,
        -0.005152633413672447,
        0.0006781171541661024
      ],
      [
        0.1565018594264984,
        0.004808234516531229,
        0.9876659512519836,
        0.01967545785009861
      ],
      [
        0.0,
        0.0,
        0.0,
        1.0
      ]
    ],
    [
      [
        0.982321560382843,
        -0.003739500418305397,
        -0.1871640384197235,
        0.004280813969671726
      ],
      [
        0.0027113526593893766,
        0.9999797940254211,
        -0.00574899185448885,
        0.0008288553217425942
      ],
      [
        0.1871817708015442,
        0.005139890592545271,
        0.9823118448257446,
        0.026064904406666756
      ],
      [
        0.0,
        0.0,
        0.0,
        1.0
      ]
    ],
    [
      [
        0.975745439529419,
        -0.0035896555054932833,
        -0.21887873113155365,
        0.0030985078774392605
      ],
      [
        0.0017722995253279805,
        0.999962329864502,
        -0.008498802781105042,
        0.0010982879903167486
      ],
      [
        0.21890097856521606,
        0.007904749363660812,
        0.9757150411605835,
        0.03247946873307228
      ],
      [
        0.0,
        0.0,
        0.0,
        1.0
      ]
    ],
    [
      [
        0.9684416055679321,
        -0.0032578108366578817,
        -0.24921925365924835,
        0.001659630099311471
      ],
      [
        0.0013130427105352283,
        0.9999673962593079,
        -0.007969284430146217,
        0.000802563619799912
      ],
      [
        0.24923710525035858,
        0.0073905508033931255,
        0.968414306640625,
        0.046340133994817734
      ],
      [
        0.0,
        0.0,
        0.0,
        1.0
      ]
    ],
    [
      [
        0.9590166807174683,
        -0.004105874337255955,
        -0.2833199203014374,
        0.0010369892697781324
      ],
      [
        0.0014409476425498724,
        0.9999527335166931,
        -0.00961382407695055,
        0.002038239734247327
      ],
      [
        0.283346027135849,
        0.008811566978693008,
        0.9589772820472717,
        0.054253507405519485
      ],
      [
        0.0,
        0.0,
        0.0,
        1.0
      ]
    ],
    [
      [
        0.9492958784103394,
        -0.0024440803099423647,
        -0.3143745958805084,
        -0.0020042869728058577
      ],
      [
        -0.00028160627698525786,
        0.9999627470970154,
        -0.008624479174613953,
        0.0010108915157616138
      ],
      [
        0.31438395380973816,
        0.008275712840259075,
        0.9492598176002502,
        0.05743494629859924
      ],
      [
        0.0,
        0.0,
        0.0,
        1.0
      ]
    ],
    [
      [
        0.9373063445091248,
        -0.0027983123436570168,
        -0.34849536418914795,
        -0.005215117707848549
      ],
      [
        -0.0006020433502271771,
        0.9999532699584961,
        -0.009648566134274006,
        0.0014293312560766935
      ],
      [
        0.3485060930252075,
        0.009253471158444881,
        0.9372608661651611,
        0.07501541823148727
      ],
      [
        0.0,
        0.0,
        0.0,
        1.0
      ]
    ],
    [
      [
        0.9247778058052063,
        -0.0019688631873577833,
        -0.38050252199172974,
        -0.009304863400757313
      ],
      [
        -0.001923894276842475,
        0.9999496340751648,
        -0.00984997022897005,
        0.0019319425337016582
      ],
      [
        0.38050276041030884,
        0.009841080754995346,
        0.9247274398803711,
        0.0786290392279625
      ],
      [
        0.0,
        0.0,
        0.0,
        1.0
      ]
    ],
    [
      [
        0.9125415682792664,
        -0.0022491891868412495,
        -0.4089777171611786,
        -0.01593763194978237
      ],
      [
        -0.0017128948820754886,
        0.9999551177024841,
        -0.009321230463683605,
        0.0025782394222915173
      ],
      [
        0.4089803397655487,
        0.00920654647052288,
        0.9124967455863953,
        0.08097943663597107
      ],
      [
        0.0,
        0.0,
        0.0,
        1.0
      ]
    ],
    [
      [
        0.8969082832336426,
        -0.0024243404623121023,
        -0.44220995903015137,
        -0.020929764956235886
      ],
      [
        -0.0024006678722798824,
        0.9999435544013977,
        -0.010351153090596199,
        0.0020596275571733713
      ],
      [
        0.4422100782394409,
        0.010345633141696453,
        0.8968518376350403,
        0.08870437741279602
      ],
      [
        0.0,
        0.0,
        0.0,
        1.0
      ]
    ],
    [
      [
        0.8774338960647583,
        -0.0031649682205170393,
        -0.47968706488609314,
        -0.023728713393211365
      ],
      [
        -0.002470744540914893,
        0.9999351501464844,
        -0.011116993613541126,
        0.0010322261368855834
      ],
      [
        0.47969111800193787,
        0.010939611122012138,
        0.877369225025177,
        0.09949194639921188
      ],
      [
        0.0,
        0.0,
        0.0,
        1.0
      ]
    ],
    [
      [
        0.8595427870750427,
        -0.003276774426922202,
        -0.5110532641410828,
        -0.029443949460983276
      ],
      [
        -0.002689653541892767,
        0.999936580657959,
        -0.010935138911008835,
        -0.0003027649945579469
      ],
      [
        0.5110567212104797,
        0.010773777030408382,
        0.8594794869422913,
        0.10819945484399796
      ],
      [
        0.0,
        0.0,
        0.0,
        1.0
      ]
    ],
    [
      [
        0.8384565711021423,
        -0.002295632380992174,
        -0.544963538646698,
        -0.0355621762573719
      ],
      [
        -0.004248587880283594,
        0.9999331831932068,
        -0.010748856700956821,
        -0.0005431489553302526
      ],
      [
        0.544951856136322,
        0.011327775195240974,
        0.8383908271789551,
        0.11391185224056244
      ],
      [
        0.0,
        0.0,
        0.0,
        1.0
      ]
    ],
    [
      [
        0.814883828163147,
        -0.0037658752407878637,
        -0.5796120762825012,
        -0.039698995649814606
      ],
      [
        -0.0033677031751722097,
        0.999931275844574,
        -0.011231482028961182,
        -0.00133543333504349
      ],
      [
        0.5796145796775818,
        0.011104314588010311,
        0.814815104007721,
        0.12179508060216904
      ],
      [
        0.0,
        0.0,
        0.0,
        1.0
      ]
    ],
    [
      [
        0.790603518486023,
        -0.0025225214194506407,
        -0.6123232245445251,
        -0.048415444791316986
      ],
      [
        -0.004794121719896793,
        0.9999353885650635,
        -0.010309272445738316,
        -0.0018519387813284993
      ],
      [
        0.6123096346855164,
        0.011086098849773407,
        0.7905402779579163,
        0.12547241151332855
      ],
      [
        0.0,
        0.0,
        0.0,
        1.0
      ]
    ],
    [
      [
        0.7585615515708923,
        -0.0029739243909716606,
        -0.6515946388244629,
        -0.05398114398121834
      ],
      [
        -0.004586885683238506,
        0.9999404549598694,
        -0.009903676807880402,
        -0.0017656817799434066
      ],
      [
        0.6515852212905884,
        0.010501338168978691,
        0.758502721786499,
        0.12694330513477325
      ],
      [
        0.0,
        0.0,
        0.0,
        1.0
      ]
    ],
    [
      [
        0.7259321212768555,
        -0.0024407505989074707,
        -0.6877619624137878,
        -0.06140628084540367
      ],
      [
        -0.0051159304566681385,
        0.9999468922615051,
        -0.008948501199483871,
        -0.0015761024551466107
      ],
      [
        0.6877472996711731,
        0.01001454796642065,
        0.7258810997009277,
        0.12979650497436523
      ],
      [
        0.0,
        0.0,
        0.0,
        1.0
      ]
    ],
    [
      [
        0.6941896677017212,
        -0.0020374800078570843,
        -0.7197892069816589,
        -0.06901049613952637
      ],
      [
        -0.005064126569777727,
        0.9999574422836304,
        -0.007714559789747,
        -0.0021163150668144226
      ],
      [
        0.7197743654251099,
        0.009000471793115139,
        0.6941497325897217,
        0.13451698422431946
      ],
      [
        0.0,
        0.0,
        0.0,
        1.0
      ]
    ],
    [
      [
        0.6566030979156494,
        -0.003725719638168812,
        -0.7542271018028259,
        -0.07544559240341187
      ],
      [
        -0.0036249796394258738,
        0.9999606609344482,
        -0.00809536874294281,
        -0.002144199563190341
      ],
      [
        0.7542275786399841,
        0.008049502037465572,
        0.6565637588500977,
        0.13757851719856262
      ],
      [
        0.0,
        0.0,
        0.0,
        1.0
      ]
    ],
    [
      [
        0.6184312701225281,
        -0.004689058754593134,
        -0.7858249545097351,
        -0.08414755016565323
      ],
      [
        -0.002632053103297949,
        0.9999642372131348,
        -0.008038222789764404,
        -0.0020786109380424023
      ],
      [
        0.7858344912528992,
        0.007039420772343874,
        0.6183968186378479,
        0.1422862708568573
      ],
      [
        0.0,
        0.0,
        0.0,
        1.0
      ]
    ],
    [
      [
        0.5793629884719849,
        -0.006549034733325243,
        -0.8150433301925659,
        -0.09371156990528107
      ],
      [
        -5.709049946744926e-05,
        0.9999673962593079,
        -0.008075518533587456,
        -0.0034990888088941574
      ],
      [
        0.8150696754455566,
        0.0047251880168914795,
        0.5793436765670776,
        0.1437455713748932
      ],
      [
        0.0,
        0.0,
        0.0,
        1.0
      ]
    ],
    [
      [
        0.5375574231147766,
        -0.006331434939056635,
        -0.8432033061981201,
        -0.10429924726486206
      ],
      [
        -0.0033887664321810007,
        0.9999474883079529,
        -0.00966879352927208,
        -0.0032587102614343166
      ],
      [
        0.8432203531265259,
        0.008054949343204498,
        0.5375077724456787,
        0.13981351256370544
      ],
      [
        0.0,
        0.0,
        0.0,
        1.0
      ]
    ],
    [
      [
        0.5033156871795654,
        -0.00604384858161211,
        -0.8640813827514648,
        -0.1175197884440422
      ],
      [
        -0.0031727624591439962,
        0.9999558925628662,
        -0.008842318318784237,
        -0.0031666127033531666
      ],
      [
        0.8640967607498169,
        0.007192002609372139,
        0.5032743215560913,
        0.15082097053527832
      ],
      [
        0.0,
        0.0,
        0.0,
        1.0
      ]
    ],
    [
      [
        0.46132856607437134,
        -0.005946072284132242,
        -0.8872095346450806,
        -0.12684109807014465
      ],
      [
        -0.00446156645193696,
        0.9999493360519409,
        -0.00902156624943018,
        -0.003603449324145913
      ],
      [
        0.887218177318573,
        0.008120249956846237,
        0.46127861738204956,
        0.1572563350200653
      ],
      [
        0.0,
        0.0,
        0.0,
        1.0
      ]
    ],
    [
      [
        0.41915255784988403,
        -0.005770413670688868,
        -0.9078974723815918,
        -0.13374574482440948
      ],
      [
        -0.00468019163236022,
        0.9999527931213379,
        -0.00851622223854065,
        -0.0034915267024189234
      ],
      [
        0.9079037308692932,
        0.007818730548024178,
        0.4191058278083801,
        0.1622629016637802
      ],
      [
        0.0,
        0.0,
        0.0,
        1.0
      ]
    ],
    [
      [
        0.37604355812072754,
        -0.006623844150453806,
        -0.9265783429145813,
        -0.14714010059833527
      ],
      [
        -0.006617882288992405,
        0.9999297261238098,
        -0.00983402132987976,
        -0.003926083445549011
      ],
      [
        0.9265783429145813,
        0.009830006398260593,
        0.37597334384918213,
        0.15634550154209137
      ],
      [
        0.0,
        0.0,
        0.0,
        1.0
      ]
    ],
    [
      [
        0.33628201484680176,
        -0.006728964392095804,
        -0.9417373538017273,
        -0.1595439463853836
      ],
      [
        -0.006073933560401201,
        0.9999381899833679,
        -0.00931374728679657,
        -0.005239647813141346
      ],
      [
        0.9417417645454407,
        0.008852094411849976,
        0.33622032403945923,
        0.15187138319015503
      ],
      [
        0.0,
        0.0,
        0.0,
        1.0
      ]
    ],
    [
      [
        0.29729437828063965,
        -0.0074864584021270275,
        -0.9547564387321472,
        -0.17322374880313873
      ],
      [
        -0.0036662956699728966,
        0.9999529123306274,
        -0.008982473984360695,
        -0.006857209838926792
      ],
      [
        0.954778790473938,
        0.006170858629047871,
        0.29725295305252075,
        0.14733156561851501
      ],
      [
        0.0,
        0.0,
        0.0,
        1.0
      ]
    ],
    [
      [
        0.24493533372879028,
        -0.00914644543081522,
        -0.9694963693618774,
        -0.18170322477817535
      ],
      [
        -0.008954272605478764,
        0.9998915195465088,
        -0.011695425026118755,
        -0.005766520742326975
      ],
      [
        0.9694981575012207,
        0.011545756831765175,
        0.24482685327529907,
        0.14676550030708313
      ],
      [
        0.0,
        0.0,
        0.0,
        1.0
      ]
    ],
    [
      [
        0.2038291096687317,
        -0.007687445729970932,
        -0.9789761900901794,
        -0.19121244549751282
      ],
      [
        -0.00956798531115055,
        0.9999057650566101,
        -0.009843909181654453,
        -0.005992054473608732
      ],
      [
        0.9789596796035767,
        0.011373305693268776,
        0.2037363052368164,
        0.1410520076751709
      ],
      [
        0.0,
        0.0,
        0.0,
        1.0
      ]
    ],
    [
      [
        0.16473150253295898,
        -0.007715962827205658,
        -0.986308217048645,
        -0.1993776112794876
      ],
      [
        -0.012033594772219658,
        0.9998792409896851,
        -0.009831959381699562,
        -0.004506739787757397
      ],
      [
        0.9862650036811829,
        0.01348846685141325,
        0.16461873054504395,
        0.13318462669849396
      ],
      [
        0.0,
        0.0,
        0.0,
        1.0
      ]
    ],
    [
      [
        0.12968820333480835,
        -0.006169027183204889,
        -0.9915356040000916,
        -0.21094144880771637
      ],
      [
        -0.011826463043689728,
        0.9998998641967773,
        -0.007767912000417709,
        -0.004305840004235506
      ],
      [
        0.9914842844009399,
        0.012733765877783298,
        0.12960219383239746,
        0.1292644590139389
      ],
      [
        0.0,
        0.0,
        0.0,
        1.0
      ]
    ],
    [
      [
        0.09515887498855591,
        -0.007852687500417233,
        -0.9954311847686768,
        -0.220429927110672
      ],
      [
        -0.011521687731146812,
        0.9998931884765625,
        -0.008989310823380947,
        -0.004789439029991627
      ],
      [
        0.9953954219818115,
        0.012324459850788116,
        0.09505826234817505,
        0.1280910223722458
      ],
      [
        0.0,
        0.0,
        0.0,
        1.0
      ]
    ],
    [
      [
        0.06878411769866943,
        -0.0072230189107358456,
        -0.9976054430007935,
        -0.23430423438549042
      ],
      [
        -0.010580087080597878,
        0.9999122619628906,
        -0.007969209924340248,
        -0.005675523076206446
      ],
      [
        0.9975755214691162,
        0.011102907359600067,
        0.06870162487030029,
        0.11931095272302628
      ],
      [
        0.0,
        0.0,
        0.0,
        1.0
      ]
    ],
    [
      [
        0.02662503719329834,
        -0.00759286992251873,
        -0.9996167421340942,
        -0.23925510048866272
      ],
      [
        -0.011264038272202015,
        0.9999054074287415,
        -0.007895084097981453,
        -0.005246943328529596
      ],
      [
        0.999582052230835,
        0.011469928547739983,
        0.026537001132965088,
        0.11624692380428314
      ],
      [
        0.0,
        0.0,
        0.0,
        1.0
      ]
    ],
    [
      [
        -0.00016820430755615234,
        -0.00825229100883007,
        -0.9999658465385437,
        -0.24768894910812378
      ],
      [
        -0.013549430295825005,
        0.9998741745948792,
        -0.0082492521032691,
        -0.005848335567861795
      ],
      [
        0.9999081492424011,
        0.013547579757869244,
        -0.00028014183044433594,
        0.10758563131093979
      ],
      [
        0.0,
        0.0,
        0.0,
        1.0
      ]
    ],
    [
      [
        -0.04881560802459717,
        -0.00796626228839159,
        -0.9987761378288269,
        -0.25323426723480225
      ],
      [
        -0.012077825143933296,
        0.9998998045921326,
        -0.007384915836155415,
        -0.005713636055588722
      ],
      [
        0.9987348318099976,
        0.011702543124556541,
        -0.04890704154968262,
        0.10645410418510437
      ],
      [
        0.0,
        0.0,
        0.0,
        1.0
      ]
    ],
    [
      [
        -0.08459115028381348,
        -0.009934580884873867,
        -0.9963662028312683,
        -0.26007387042045593
      ],
      [
        -0.012644093483686447,
        0.9998804926872253,
        -0.008896141313016415,
        -0.00638206722214818
      ],
      [
        0.9963355660438538,
        0.011845613829791546,
        -0.08470666408538818,
        0.09641315042972565
      ],
      [
        0.0,
        0.0,
        0.0,
        1.0
      ]
    ],
    [
      [
        -0.12624311447143555,
        -0.01257417444139719,
        -0.9919196367263794,
        -0.2629910707473755
      ],
      [
        -0.01231944840401411,
        0.9998624324798584,
        -0.011106947436928749,
        -0.007627600803971291
      ],
      [
        0.9919227957725525,
        0.010817728005349636,
        -0.12638068199157715,
        0.09282516688108444
      ],
      [
        0.0,
        0.0,
        0.0,
        1.0
      ]
    ],
    [
      [
        -0.15297281742095947,
        -0.011743491515517235,
        -0.9881606101989746,
        -0.2680155336856842
      ],
      [
        -0.013622894883155823,
        0.9998594522476196,
        -0.009773622266948223,
        -0.00792016088962555
      ],
      [
        0.9881365299224854,
        0.011966511607170105,
        -0.15311121940612793,
        0.087735116481781
      ],
      [
        0.0,
        0.0,
        0.0,
        1.0
      ]
    ],
    [
      [
        -0.18112754821777344,
        -0.01374379824846983,
        -0.983363687992096,
        -0.2748481035232544
      ],
      [
        -0.018713615834712982,
        0.9997694492340088,
        -0.010526199825108051,
        -0.007862652651965618
      ],
      [
        0.9832816123962402,
        0.016495706513524055,
        -0.1813429594039917,
        0.0751534029841423
      ],
      [
        0.0,
        0.0,
        0.0,
        1.0
      ]
    ],
    [
      [
        -0.2156364917755127,
        -0.013332467526197433,
        -0.9763827919960022,
        -0.28026384115219116
      ],
      [
        -0.018693892285227776,
        0.9997798800468445,
        -0.009523362852633,
        -0.006805418990552425
      ],
      [
        0.9762948155403137,
        0.016198810189962387,
        -0.21583831310272217,
        0.07423017174005508
      ],
      [
        0.0,
        0.0,
        0.0,
        1.0
      ]
    ],
    [
      [
        -0.24283266067504883,
        -0.015086138620972633,
        -0.9699506759643555,
        -0.2913530766963959
      ],
      [
        -0.019079571589827538,
        0.9997599124908447,
        -0.010773091576993465,
        -0.00927962176501751
      ],
      [
        0.9698804020881653,
        0.01589018478989601,
        -0.24306225776672363,
        0.06571021676063538
      ],
      [
        0.0,
        0.0,
        0.0,
        1.0
      ]
    ],
    [
      [
        -0.2643427848815918,
        -0.014612345024943352,
        -0.9643180966377258,
        -0.29936856031417847
      ],
      [
        -0.019070882350206375,
        0.9997689127922058,
        -0.009921744465827942,
        -0.00949485506862402
      ],
      [
        0.9642402529716492,
        0.01576765440404415,
        -0.264560341835022,
        0.05237202346324921
      ],
      [
        0.0,
        0.0,
        0.0,
        1.0
      ]
    ],
    [
      [
        -0.28977441787719727,
        -0.01781773939728737,
        -0.956929087638855,
        -0.3008352220058441
      ],
      [
        -0.018207130953669548,
        0.9997484087944031,
        -0.013101591728627682,
        -0.01142812054604292
      ],
      [
        0.9569217562675476,
        0.01362642552703619,
        -0.29002606868743896,
        0.04097321256995201
      ],
      [
        0.0,
        0.0,
        0.0,
        1.0
      ]
    ],
    [
      [
        -0.32155489921569824,
        -0.01912044547498226,
        -0.9466978311538696,
        -0.30803239345550537
      ],
      [
        -0.01841803826391697,
        0.9997332692146301,
        -0.013935739174485207,
        -0.012827728874981403
      ],
      [
        0.9467117190361023,
        0.012955211102962494,
        -0.3218212127685547,
        0.034407857805490494
      ],
      [
        0.0,
        0.0,
        0.0,
        1.0
      ]
    ],
    [
      [
        -0.3539900779724121,
        -0.01845019869506359,
        -0.9350671768188477,
        -0.30941042304039
      ],
      [
        -0.02063371054828167,
        0.9997161030769348,
        -0.01191447488963604,
        -0.013708689250051975
      ],
      [
        0.9350216388702393,
        0.01507629919797182,
        -0.35427021980285645,
        0.02878679148852825
      ],
      [
        0.0,
        0.0,
        0.0,
        1.0
      ]
    ],
    [
      [
        -0.38050711154937744,
        -0.020373081788420677,
        -0.9245535731315613,
        -0.3167143166065216
      ],
      [
        -0.019388698041439056,
        0.9997133016586304,
        -0.014049704186618328,
        -0.015042245388031006
      ],
      [
        0.9245747327804565,
        0.012579875998198986,
        -0.38079309463500977,
        0.025667235255241394
      ],
      [
        0.0,
        0.0,
        0.0,
        1.0
      ]
    ],
    [
      [
        -0.4111744165420532,
        -0.0206601545214653,
        -0.9113224744796753,
        -0.3180316984653473
      ],
      [
        -0.019861074164509773,
        0.9997088313102722,
        -0.013702912256121635,
        -0.01563151925802231
      ],
      [
        0.9113402962684631,
        0.01246555894613266,
        -0.411465048789978,
        0.016375495120882988
      ],
      [
        0.0,
        0.0,
        0.0,
        1.0
      ]
    ],
    [
      [
        -0.4350466728210449,
        -0.01761661469936371,
        -0.9002354741096497,
        -0.3296174108982086
      ],
      [
        -0.020053613930940628,
        0.9997501373291016,
        -0.00987292267382145,
        -0.017430542036890984
      ],
      [
        0.9001844525337219,
        0.013757793232798576,
        -0.4352912902832031,
        0.018344158306717873
      ],
      [
        0.0,
        0.0,
        0.0,
        1.0
      ]
    ],
    [
      [
        -0.4509444236755371,
        -0.020948491990566254,
        -0.8923061490058899,
        -0.3396706283092499
      ],
      [
        -0.021690987050533295,
        0.9996864795684814,
        -0.01250747125595808,
        -0.017118141055107117
      ],
      [
        0.8922883868217468,
        0.013714825734496117,
        -0.451257586479187,
        0.00631333002820611
      ],
      [
        0.0,
        0.0,
        0.0,
        1.0
      ]
    ],
    [
      [
        -0.47146809101104736,
        -0.02058231458067894,
        -0.8816428780555725,
        -0.3494147062301636
      ],
      [
        -0.02032341994345188,
        0.9997156858444214,
        -0.012470602989196777,
        -0.018586551770567894
      ],
      [
        0.8816488981246948,
        0.01203850843012333,
        -0.471752405166626,
        0.0043740104883909225
      ],
      [
        0.0,
        0.0,
        0.0,
        1.0
      ]
    ],
    [
      [
        -0.4924517869949341,
        -0.020925026386976242,
        -0.8700881004333496,
        -0.3535325527191162
      ],
      [
        -0.02184128947556019,
        0.9996932148933411,
        -0.011680224910378456,
        -0.019038734957575798
      ],
      [
        0.8700656294822693,
        0.0132518969476223,
        -0.49275779724121094,
        -0.010217178612947464
      ],
      [
        0.0,
        0.0,
        0.0,
        1.0
      ]
    ],
    [
      [
        -0.5107212066650391,
        -0.02240567095577717,
        -0.8594543933868408,
        -0.35904935002326965
      ],
      [
        -0.0236966609954834,
        0.9996474385261536,
        -0.011978977359831333,
        -0.019171126186847687
      ],
      [
        0.8594198226928711,
        0.01424828264862299,
        -0.5110721588134766,
        -0.010213521309196949
      ],
      [
        0.0,
        0.0,
        0.0,
        1.0
      ]
    ],
    [
      [
        -0.5276297330856323,
        -0.022913271561264992,
        -0.8491653800010681,
        -0.3605365455150604
      ],
      [
        -0.023667283356189728,
        0.9996446371078491,
        -0.012268008664250374,
        -0.02064928226172924
      ],
      [
        0.8491447567939758,
        0.013624471612274647,
        -0.5279844999313354,
        -0.021774590015411377
      ],
      [
        0.0,
        0.0,
        0.0,
        1.0
      ]
    ],
    [
      [
        -0.5368800163269043,
        -0.02091238647699356,
        -0.8433993458747864,
        -0.37003740668296814
      ],
      [
        -0.022788235917687416,
        0.9996874332427979,
        -0.010281370021402836,
        -0.021774349734187126
      ],
      [
        0.8433507680892944,
        0.013699722476303577,
        -0.5371887683868408,
        -0.029226237908005714
      ],
      [
        0.0,
        0.0,
        0.0,
        1.0
      ]
    ],
    [
      [
        -0.551936149597168,
        -0.020158879458904266,
        -0.8336425423622131,
        -0.36913052201271057
      ],
      [
        -0.024967677891254425,
        0.9996590614318848,
        -0.0076428926549851894,
        -0.022959910333156586
      ],
      [
        0.8335123658180237,
        0.016595730558037758,
        -0.5522513389587402,
        -0.046313297003507614
      ],
      [
        0.0,
        0.0,
        0.0,
        1.0
      ]
    ],
    [
      [
        -0.5633033514022827,
        -0.020330805331468582,
        -0.8259999752044678,
        -0.37004828453063965
      ],
      [
        -0.025295963510870934,
        0.9996529817581177,
        -0.007354051806032658,
        -0.023399092257022858
      ],
      [
        0.8258628249168396,
        0.016751905903220177,
        -0.5636221170425415,
        -0.050357185304164886
      ],
      [
        0.0,
        0.0,
        0.0,
        1.0
      ]
    ],
    [
      [
        -0.5724258422851562,
        -0.020051203668117523,
        -0.8197113275527954,
        -0.3718738853931427
      ],
      [
        -0.024822216480970383,
        0.9996665120124817,
        -0.007119139190763235,
        -0.025340808555483818
      ],
      [
        0.8195807337760925,
        0.016271870583295822,
        -0.5727328062057495,
        -0.06167129799723625
      ],
      [
        0.0,
        0.0,
        0.0,
        1.0
      ]
    ],
    [
      [
        -0.5803024768829346,
        -0.021537330001592636,
        -0.8141162395477295,
        -0.3717780113220215
      ],
      [
        -0.026526980102062225,
        0.9996196627616882,
        -0.007536355871707201,
        -0.026470966637134552
      ],
      [
        0.8139689564704895,
        0.017222678288817406,
        -0.5806530714035034,
        -0.07142586261034012
      ],
      [
        0.0,
        0.0,
        0.0,
        1.0
      ]
    ],
    [
      [
        -0.589424729347229,
        -0.019294409081339836,
        -0.807593047618866,
        -0.36785951256752014
      ],
      [
        -0.02686368301510811,
        0.9996299743652344,
        -0.004275857470929623,
        -0.025292254984378815
      ],
      [
        0.8073766827583313,
        0.01917462795972824,
        -0.5897247791290283,
        -0.08741016685962677
      ],
      [
        0.0,
        0.0,
        0.0,
        1.0
      ]
    ],
    [
      [
        -0.5970155000686646,
        -0.01858418621122837,
        -0.8020143508911133,
        -0.36427032947540283
      ],
      [
        -0.02707376331090927,
        0.9996289014816284,
        -0.003009712789207697,
        -0.023715250194072723
      ],
      [
        0.8017727136611938,
        0.019916702061891556,
        -0.5972970724105835,
        -0.08825363963842392
      ],
      [
        0.0,
        0.0,
        0.0,
        1.0
      ]
    ],
    [
      [
        -0.6000760793685913,
        -0.018553026020526886,
        -0.7997278571128845,
        -0.3637852072715759
      ],
      [
        -0.02785841003060341,
        0.9996092915534973,
        -0.002286546165123582,
        -0.026674726977944374
      ],
      [
        0.7994577884674072,
        0.020907044410705566,
        -0.6003584861755371,
        -0.10237427055835724
      ],
      [
        0.0,
        0.0,
        0.0,
        1.0
      ]
    ],
    [
      [
        -0.6010173559188843,
        -0.017368851229548454,
        -0.7990473508834839,
        -0.3660423159599304
      ],
      [
        -0.027425726875662804,
        0.9996232390403748,
        -0.0011000239755958319,
        -0.026713119819760323
      ],
      [
        0.7987653613090515,
        0.021253321319818497,
        -0.6012673377990723,
        -0.10809949040412903
      ],
      [
        0.0,
        0.0,
        0.0,
        1.0
      ]
    ],
    [
      [
        -0.6112538576126099,
        -0.017741434276103973,
        -0.7912356853485107,
        -0.36040061712265015
      ],
      [
        -0.02765648439526558,
        0.9996169209480286,
        -0.0010483659571036696,
        -0.02640676125884056
      ],
      [
        0.7909511923789978,
        0.02124197967350483,
        -0.6115105152130127,
        -0.11459052562713623
      ],
      [
        0.0,
        0.0,
        0.0,
        1.0
      ]
    ],
    [
      [
        -0.6057674884796143,
        -0.01714477315545082,
        -0.7954569458961487,
        -0.37242549657821655
      ],
      [
        -0.028144309297204018,
        0.9996038675308228,
        -0.0001119757944252342,
        -0.02723989076912403
      ],
      [
        0.795143723487854,
        0.022319752722978592,
        -0.6060100793838501,
        -0.11879287660121918
      ],
      [
        0.0,
        0.0,
        0.0,
        1.0
      ]
    ],
    [
      [
        -0.6153392791748047,
        -0.018596258014440536,
        -0.7880430817604065,
        -0.36284318566322327
      ],
      [
        -0.02789953164756298,
        0.999609112739563,
        -0.001803597784601152,
        -0.02811747044324875
      ],
      [
        0.7877686023712158,
        0.020876208320260048,
        -0.6156175136566162,
        -0.12767893075942993
      ],
      [
        0.0,
        0.0,
        0.0,
        1.0
      ]
    ],
    [
      [
        -0.6119179725646973,
        -0.018221499398350716,
        -0.7907113432884216,
        -0.3715032637119293
      ],
      [
        -0.027874067425727844,
        0.9996103644371033,
        -0.0014641938032582402,
        -0.027419019490480423
      ],
      [
        0.7904298901557922,
        0.02114437334239483,
        -0.612187385559082,
        -0.13327434659004211
      ],
      [
        0.0,
        0.0,
        0.0,
        1.0
      ]
    ],
    [
      [
        -0.6152248382568359,
        -0.017291411757469177,
        -0.7881622314453125,
        -0.3647594451904297
      ],
      [
        -0.028742000460624695,
        0.9995867609977722,
        0.0005056346417404711,
        -0.02662956714630127
      ],
      [
        0.787827730178833,
        0.022964434698224068,
        -0.6154675483703613,
        -0.14356780052185059
      ],
      [
        0.0,
        0.0,
        0.0,
        1.0
      ]
    ]
  ],
  "height": 480,
  "width": 768
}