{
  "intrinsic": [
    [
      569.9155883789062,
      0.0,
      384.0
    ],
    [
      0.0,
      569.9155883789062,
      240.0
    ],
    [
      0.0,
      0.0,
      1.0
    ]
  ],
  "extrinsic": [
    [
      [
        1.0,
        -2.174564724555239e-05,
        -2.2588205865758937e-06,
        -3.0498558771796525e-05
      ],
      [
        2.1745556296082214e-05,
        1.0,
        -4.0652394091011956e-05,
        9.397125722898636e-06
      ],
      [
        2.259704615426017e-06,
        4.065234315930866e-05,
        1.0,
        -3.400081186555326e-05
      ],
      [
        0.0,
        0.0,
        0.0,
        1.0
      ]
    ],
    [
      [
        0.999999463558197,
        -0.00031905618379823864,
        0.0009596750605851412,
        3.134208236588165e-05
      ],
      [
        0.0003189308336004615,
        0.9999999403953552,
        0.00013077394396532327,
        -3.1070239856489934e-06
      ],
      [
        -0.0009597167372703552,
        -0.0001304678007727489,
        0.9999995231628418,
        0.00017199877765960991
      ],
      [
        0.0,
        0.0,
        0.0,
        1.0
      ]
    ],
    [
      [
        0.9999707937240601,
        -0.0010819850722327828,
        0.0075636981055140495,
        -0.0019364776089787483
      ],
      [
        0.0010737661505118012,
        0.9999988079071045,
        0.0010906154057011008,
        -6.277010834310204e-05
      ],
      [
        -0.007564869709312916,
        -0.001082461909390986,
        0.9999707937240601,
        -0.002479296177625656
      ],
      [
        0.0,
        0.0,
        0.0,
        1.0
      ]
    ],
    [
      [
        0.9999042749404907,
        -0.0019848612137138844,
        0.013692157343029976,
        -0.00398722430691123
      ],
      [
        0.0019656450022011995,
        0.999997079372406,
        0.0014167582849040627,
        0.000242232097662054
      ],
      [
        -0.013694928959012032,
        -0.001389708835631609,
        0.9999052286148071,
        -0.0062896981835365295
      ],
      [
        0.0,
        0.0,
        0.0,
        1.0
      ]
    ],
    [
      [
        0.9998123645782471,
        -0.0026939038652926683,
        0.019183745607733727,
        -0.005607715342193842
      ],
      [
        0.002670943271368742,
        0.9999957084655762,
        0.0012224109377712011,
        0.0009310257737524807
      ],
      [
        -0.019186956807971,
        -0.0011709430254995823,
        0.9998152256011963,
        -0.010273878462612629
      ],
      [
        0.0,
        0.0,
        0.0,
        1.0
      ]
    ],
    [
      [
        0.9996870756149292,
        -0.0041228169575333595,
        0.02467379719018936,
        -0.00751612288877368
      ],
      [
        0.004087837412953377,
        0.9999905824661255,
        0.0014679429586976767,
        0.0008480929536744952
      ],
      [
        -0.02467961795628071,
        -0.0013666211161762476,
        0.9996944665908813,
        -0.012916411273181438
      ],
      [
        0.0,
        0.0,
        0.0,
        1.0
      ]
    ],
    [
      [
        0.9995107054710388,
        -0.004766123369336128,
        0.030912818387150764,
        -0.008698242716491222
      ],
      [
        0.004705000203102827,
        0.9999868273735046,
        0.0020497257355600595,
        0.001079324632883072
      ],
      [
        -0.03092218190431595,
        -0.0019032779382541776,
        0.9995200037956238,
        -0.015925079584121704
      ],
      [
        0.0,
        0.0,
        0.0,
        1.0
      ]
    ],
    [
      [
        0.9993155598640442,
        -0.005728214047849178,
        0.036546576768159866,
        -0.010049873031675816
      ],
      [
        0.005646436009556055,
        0.9999813437461853,
        0.0023404459934681654,
        0.0016290121711790562
      ],
      [
        -0.036559298634529114,
        -0.0021324860863387585,
        0.9993292093276978,
        -0.017954515293240547
      ],
      [
        0.0,
        0.0,
        0.0,
        1.0
      ]
    ],
    [
      [
        0.9991299510002136,
        -0.0064109270460903645,
        0.04121001809835434,
        -0.010798228904604912
      ],
      [
        0.006310836877673864,
        0.9999768137931824,
        0.0025584225077182055,
        0.0017356585012748837
      ],
      [
        -0.04122546315193176,
        -0.0022961266804486513,
        0.9991472363471985,
        -0.019702786579728127
      ],
      [
        0.0,
        0.0,
        0.0,
        1.0
      ]
    ],
    [
      [
        0.9988735914230347,
        -0.007211438845843077,
        0.04689910262823105,
        -0.01190595980733633
      ],
      [
        0.007101512048393488,
        0.9999716281890869,
        0.0025101047940552235,
        0.0025993867311626673
      ],
      [
        -0.046915873885154724,
        -0.002174222841858864,
        0.9988964796066284,
        -0.023269200697541237
      ],
      [
        0.0,
        0.0,
        0.0,
        1.0
      ]
    ],
    [
      [
        0.998587429523468,
        -0.008025042712688446,
        0.05252350866794586,
        -0.013237202540040016
      ],
      [
        0.00789787620306015,
        0.9999653697013855,
        0.002628245623782277,
        0.003008871106430888
      ],
      [
        -0.052542779594659805,
        -0.0022097087930887938,
        0.9986162185668945,
        -0.026709342375397682
      ],
      [
        0.0,
        0.0,
        0.0,
        1.0
      ]
    ],
    [
      [
        0.9982978105545044,
        -0.00852995179593563,
        0.05769512429833412,
        -0.014606080949306488
      ],
      [
        0.008430802263319492,
        0.9999625086784363,
        0.001961704343557358,
        0.003948068246245384
      ],
      [
        -0.057709693908691406,
        -0.0014719488099217415,
        0.9983323216438293,
        -0.030222086235880852
      ],
      [
        0.0,
        0.0,
        0.0,
        1.0
      ]
    ],
    [
      [
        0.997944712638855,
        -0.009666847065091133,
        0.06334718316793442,
        -0.01587395928800106
      ],
      [
        0.00953714456409216,
        0.9999517798423767,
        0.0023495531640946865,
        0.003967650700360537
      ],
      [
        -0.0633668452501297,
        -0.001740572857670486,
        0.997988760471344,
        -0.0326913520693779
      ],
      [
        0.0,
        0.0,
        0.0,
        1.0
      ]
    ],
    [
      [
        0.9974767565727234,
        -0.010571400634944439,
        0.07020197808742523,
        -0.017249703407287598
      ],
      [
        0.010399912483990192,
        0.9999420046806335,
        0.002807831158861518,
        0.004424755927175283
      ],
      [
        -0.07022757828235626,
        -0.0020706518553197384,
        0.9975288510322571,
        -0.03599173203110695
      ],
      [
        0.0,
        0.0,
        0.0,
        1.0
      ]
    ],
    [
      [
        0.9970783591270447,
        -0.011265004053711891,
        0.07555039972066879,
        -0.01838015578687191
      ],
      [
        0.011142936535179615,
        0.9999358654022217,
        0.0020370748825371265,
        0.005296164657920599
      ],
      [
        -0.07556849718093872,
        -0.0011892699403688312,
        0.9971399307250977,
        -0.038626186549663544
      ],
      [
        0.0,
        0.0,
        0.0,
        1.0
      ]
    ],
    [
      [
        0.9966572523117065,
        -0.012350380420684814,
        0.08075785636901855,
        -0.019379734992980957
      ],
      [
        0.012157858349382877,
        0.999921977519989,
        0.0028752393554896116,
        0.005450962111353874
      ],
      [
        -0.08078707009553909,
        -0.0018837854731827974,
        0.9967296123504639,
        -0.04187114164233208
      ],
      [
        0.0,
        0.0,
        0.0,
        1.0
      ]
    ],
    [
      [
        0.9961916208267212,
        -0.01327709574252367,
        0.08617430925369263,
        -0.02014147862792015
      ],
      [
        0.013082632794976234,
        0.9999104142189026,
        0.0028210091404616833,
        0.006201501470059156
      ],
      [
        -0.08620404452085495,
        -0.001682878821156919,
        0.9962760806083679,
        -0.04529629647731781
      ],
      [
        0.0,
        0.0,
        0.0,
        1.0
      ]
    ],
    [
      [
        0.9956560730934143,
        -0.014080621302127838,
        0.09203629195690155,
        -0.021056873723864555
      ],
      [
        0.013847125694155693,
        0.9998990893363953,
        0.003175103571265936,
        0.006528861820697784
      ],
      [
        -0.09207170456647873,
        -0.001886873273178935,
        0.9957506060600281,
        -0.047770991921424866
      ],
      [
        0.0,
        0.0,
        0.0,
        1.0
      ]
    ],
    [
      [
        0.9950873255729675,
        -0.014985907822847366,
        0.09786009043455124,
        -0.02217220515012741
      ],
      [
        0.014704473316669464,
        0.9998854398727417,
        0.0035965144634246826,
        0.006804666016250849
      ],
      [
        -0.09790278226137161,
        -0.0021398647222667933,
        0.9951936602592468,
        -0.051208481192588806
      ],
      [
        0.0,
        0.0,
        0.0,
        1.0
      ]
    ],
    [
      [
        0.9943437576293945,
        -0.015832480043172836,
        0.10502304136753082,
        -0.023620199412107468
      ],
      [
        0.015528744086623192,
        0.9998725652694702,
        0.0037092214915901423,
        0.0073349629528820515
      ],
      [
        -0.1050683856010437,
        -0.002057364908978343,
        0.9944628477096558,
        -0.05310649052262306
      ],
      [
        0.0,
        0.0,
        0.0,
        1.0
      ]
    ],
    [
      [
        0.9935988783836365,
        -0.017109282314777374,
        0.11166273057460785,
        -0.02475901134312153
      ],
      [
        0.01672595925629139,
        0.9998505711555481,
        0.00436880299821496,
        0.007812382187694311
      ],
      [
        -0.11172079294919968,
        -0.002473171567544341,
        0.9937365651130676,
        -0.05748797208070755
      ],
      [
        0.0,
        0.0,
        0.0,
        1.0
      ]
    ],
    [
      [
        0.9927558898925781,
        -0.01805824041366577,
        0.11878399550914764,
        -0.025912780314683914
      ],
      [
        0.017706694081425667,
        0.999835193157196,
        0.004014331381767988,
        0.008677694946527481
      ],
      [
        -0.118836909532547,
        -0.0018819791730493307,
        0.9929119944572449,
        -0.06024802476167679
      ],
      [
        0.0,
        0.0,
        0.0,
        1.0
      ]
    ],
    [
      [
        0.9918769598007202,
        -0.019070973619818687,
        0.12576313316822052,
        -0.027963457629084587
      ],
      [
        0.018643276765942574,
        0.9998157024383545,
        0.004577039275318384,
        0.009479688480496407
      ],
      [
        -0.12582725286483765,
        -0.002195223467424512,
        0.9920497536659241,
        -0.06480193138122559
      ],
      [
        0.0,
        0.0,
        0.0,
        1.0
      ]
    ],
    [
      [
        0.9909835457801819,
        -0.019950322806835175,
        0.13249020278453827,
        -0.02894664742052555
      ],
      [
        0.019492436200380325,
        0.9997987151145935,
        0.004752233624458313,
        0.009654962457716465
      ],
      [
        -0.13255834579467773,
        -0.0021268280688673258,
        0.9911729097366333,
        -0.0684329941868782
      ],
      [
        0.0,
        0.0,
        0.0,
        1.0
      ]
    ],
    [
      [
        0.9903039932250977,
        -0.02032654546201229,
        0.13742227852344513,
        -0.029167616739869118
      ],
      [
        0.019863557070493698,
        0.9997914433479309,
        0.004739759955555201,
        0.010425184853374958
      ],
      [
        -0.13748997449874878,
        -0.0019641080871224403,
        0.9905012249946594,
        -0.0708022341132164
      ],
      [
        0.0,
        0.0,
        0.0,
        1.0
      ]
    ],
    [
      [
        0.9893630743026733,
        -0.021395912393927574,
        0.14388519525527954,
        -0.030812466517090797
      ],
      [
        0.020860742777585983,
        0.9997687339782715,
        0.005227185320109129,
        0.010630869306623936
      ],
      [
        -0.1439637839794159,
        -0.0021700309589505196,
        0.9895805716514587,
        -0.07377553731203079
      ],
      [
        0.0,
        0.0,
        0.0,
        1.0
      ]
    ],
    [
      [
        0.9884210228919983,
        -0.022212352603673935,
        0.15010151267051697,
        -0.031513720750808716
      ],
      [
        0.021680433303117752,
        0.9997515082359314,
        0.005179422441869974,
        0.011499598622322083
      ],
      [
        -0.15017925202846527,
        -0.0018651844002306461,
        0.9886569976806641,
        -0.07754506170749664
      ],
      [
        0.0,
        0.0,
        0.0,
        1.0
      ]
    ],
    [
      [
        0.9873716235160828,
        -0.023225927725434303,
        0.1567094326019287,
        -0.03312583267688751
      ],
      [
        0.02270442806184292,
        0.9997290968894958,
        0.005117285531014204,
        0.012003544718027115
      ],
      [
        -0.15678583085536957,
        -0.0014946642331779003,
        0.9876314997673035,
        -0.08035843819379807
      ],
      [
        0.0,
        0.0,
        0.0,
        1.0
      ]
    ],
    [
      [
        0.9863851070404053,
        -0.02389829233288765,
        0.16270600259304047,
        -0.03375539556145668
      ],
      [
        0.023185938596725464,
        0.9997114539146423,
        0.006275928113609552,
        0.012126725167036057
      ],
      [
        -0.16280905902385712,
        -0.002417990704998374,
        0.9866546392440796,
        -0.08234968781471252
      ],
      [
        0.0,
        0.0,
        0.0,
        1.0
      ]
    ],
    [
      [
        0.985190212726593,
        -0.025007614865899086,
        0.16963143646717072,
        -0.03516824170947075
      ],
      [
        0.02419017255306244,
        0.999683678150177,
        0.006884241010993719,
        0.012523258104920387
      ],
      [
        -0.169749915599823,
        -0.002678873483091593,
        0.9854835271835327,
        -0.08362338691949844
      ],
      [
        0.0,
        0.0,
        0.0,
        1.0
      ]
    ],
    [
      [
        0.9839577674865723,
        -0.026114491745829582,
        0.17647981643676758,
        -0.03610050678253174
      ],
      [
        0.025341158732771873,
        0.9996568560600281,
        0.0066347564570605755,
        0.013379957526922226
      ],
      [
        -0.17659252882003784,
        -0.002056117169559002,
        0.9842818975448608,
        -0.08619571477174759
      ],
      [
        0.0,
        0.0,
        0.0,
        1.0
      ]
    ],
    [
      [
        0.9827256798744202,
        -0.026972392573952675,
        0.18309199810028076,
        -0.03749087080359459
      ],
      [
        0.026207439601421356,
        0.9996347427368164,
        0.006596776656806469,
        0.014105575159192085
      ],
      [
        -0.18320304155349731,
        -0.0016844493802636862,
        0.9830736517906189,
        -0.08969254791736603
      ],
      [
        0.0,
        0.0,
        0.0,
        1.0
      ]
    ],
    [
      [
        0.9812637567520142,
        -0.027274969965219498,
        0.19072893261909485,
        -0.03916379436850548
      ],
      [
        0.026378685608506203,
        0.9996258020401001,
        0.007237068377435207,
        0.014568147249519825
      ],
      [
        -0.1908549666404724,
        -0.0020702944602817297,
        0.9816160798072815,
        -0.09202750772237778
      ],
      [
        0.0,
        0.0,
        0.0,
        1.0
      ]
    ],
    [
      [
        0.9797760844230652,
        -0.028185419738292694,
        0.19810201227664948,
        -0.04104486107826233
      ],
      [
        0.027318812906742096,
        0.9996014833450317,
        0.007106775883585215,
        0.015226268209517002
      ],
      [
        -0.19822336733341217,
        -0.0015511367237195373,
        0.9801556468009949,
        -0.09442143887281418
      ],
      [
        0.0,
        0.0,
        0.0,
        1.0
      ]
    ],
    [
      [
        0.9784594178199768,
        -0.029200298711657524,
        0.20436367392539978,
        -0.042107388377189636
      ],
      [
        0.028182463720440865,
        0.999571681022644,
        0.007889836095273495,
        0.015050837770104408
      ],
      [
        -0.2045065313577652,
        -0.001960412133485079,
        0.9788632392883301,
        -0.09712152928113937
      ],
      [
        0.0,
        0.0,
        0.0,
        1.0
      ]
    ],
    [
      [
        0.9770265817642212,
        -0.0297810360789299,
        0.21102634072303772,
        -0.04308066517114639
      ],
      [
        0.028717363253235817,
        0.9995546936988831,
        0.008103963918983936,
        0.0158125851303339
      ],
      [
        -0.21117372810840607,
        -0.0018576678121462464,
        0.9774467945098877,
        -0.09961528331041336
      ],
      [
        0.0,
        0.0,
        0.0,
        1.0
      ]
    ],
    [
      [
        0.9756103157997131,
        -0.03086273930966854,
        0.2173292636871338,
        -0.04338127747178078
      ],
      [
        0.029672468081116676,
        0.9995214939117432,
        0.008738841861486435,
        0.01598791964352131
      ],
      [
        -0.21749497950077057,
        -0.0020770090632140636,
        0.9760592579841614,
        -0.10087887942790985
      ],
      [
        0.0,
        0.0,
        0.0,
        1.0
      ]
    ],
    [
      [
        0.9738199710845947,
        -0.031254641711711884,
        0.22516174614429474,
        -0.04495781660079956
      ],
      [
        0.03007182665169239,
        0.9995100498199463,
        0.008681690320372581,
        0.016509858891367912
      ],
      [
        -0.22532275319099426,
        -0.0016833781264722347,
        0.9742827415466309,
        -0.10491648316383362
      ],
      [
        0.0,
        0.0,
        0.0,
        1.0
      ]
    ],
    [
      [
        0.9723682403564453,
        -0.03203705698251724,
        0.23124366998672485,
        -0.04614047333598137
      ],
      [
        0.03090137615799904,
        0.9994860291481018,
        0.008532451465725899,
        0.017297396436333656
      ],
      [
        -0.23139818012714386,
        -0.0011509368196129799,
        0.9728584289550781,
        -0.1071062982082367
      ],
      [
        0.0,
        0.0,
        0.0,
        1.0
      ]
    ],
    [
      [
        0.9705228209495544,
        -0.03300510719418526,
        0.23873849213123322,
        -0.048116475343704224
      ],
      [
        0.0317889004945755,
        0.9994545578956604,
        0.008943909779191017,
        0.017495617270469666
      ],
      [
        -0.2389034777879715,
        -0.0010910340351983905,
        0.9710426926612854,
        -0.10880807042121887
      ],
      [
        0.0,
        0.0,
        0.0,
        1.0
      ]
    ],
    [
      [
        0.9686722755432129,
        -0.03387695178389549,
        0.24602119624614716,
        -0.04988204687833786
      ],
      [
        0.03241072967648506,
        0.9994245171546936,
        0.010007607750594616,
        0.01726721040904522
      ],
      [
        -0.24621863663196564,
        -0.0017203667666763067,
        0.9692127704620361,
        -0.11065306514501572
      ],
      [
        0.0,
        0.0,
        0.0,
        1.0
      ]
    ],
    [
      [
        0.9667202234268188,
        -0.03459581732749939,
        0.2534859776496887,
        -0.051630742847919464
      ],
      [
        0.03301580995321274,
        0.9993998408317566,
        0.010485788807272911,
        0.01768672466278076
      ],
      [
        -0.25369659066200256,
        -0.0017677799332886934,
        0.967282235622406,
        -0.11372379213571548
      ],
      [
        0.0,
        0.0,
        0.0,
        1.0
      ]
    ],
    [
      [
        0.9648539423942566,
        -0.03524593263864517,
        0.2604122757911682,
        -0.05321293696761131
      ],
      [
        0.033723264932632446,
        0.999377965927124,
        0.010314355604350567,
        0.018147870898246765
      ],
      [
        -0.2606138288974762,
        -0.0011698952876031399,
        0.965442419052124,
        -0.11708833277225494
      ],
      [
        0.0,
        0.0,
        0.0,
        1.0
      ]
    ],
    [
      [
        0.9628818035125732,
        -0.03617677092552185,
        0.26748812198638916,
        -0.05459488183259964
      ],
      [
        0.0345354862511158,
        0.9993447065353394,
        0.010839635506272316,
        0.01818706840276718
      ],
      [
        -0.2677049934864044,
        -0.0011994551168754697,
        0.9635002017021179,
        -0.11942219734191895
      ],
      [
        0.0,
        0.0,
        0.0,
        1.0
      ]
    ],
    [
      [
        0.9604259133338928,
        -0.03723575174808502,
        0.27603545784950256,
        -0.05722128972411156
      ],
      [
        0.03554851934313774,
        0.9993061423301697,
        0.01111522875726223,
        0.018601063638925552
      ],
      [
        -0.27625781297683716,
        -0.0008627033676020801,
        0.961083173751831,
        -0.12259936332702637
      ],
      [
        0.0,
        0.0,
        0.0,
        1.0
      ]
    ],
    [
      [
        0.9579748511314392,
        -0.03834715485572815,
        0.2842775285243988,
        -0.058628302067518234
      ],
      [
        0.03641702979803085,
        0.9992637634277344,
        0.012073853053152561,
        0.0190021600574255
      ],
      [
        -0.28453123569488525,
        -0.0012139062164351344,
        0.9586660265922546,
        -0.12597565352916718
      ],
      [
        0.0,
        0.0,
        0.0,
        1.0
      ]
    ],
    [
      [
        0.9558102488517761,
        -0.03861052542924881,
        0.29143771529197693,
        -0.06032063066959381
      ],
      [
        0.03675145283341408,
        0.9992541670799255,
        0.011852672323584557,
        0.019485751166939735
      ],
      [
        -0.2916780114173889,
        -0.0006181454518809915,
        0.9565163850784302,
        -0.12808656692504883
      ],
      [
        0.0,
        0.0,
        0.0,
        1.0
      ]
    ],
    [
      [
        0.9529743194580078,
        -0.03918427973985672,
        0.30050718784332275,
        -0.06338787823915482
      ],
      [
        0.03746971860527992,
        0.9992319345474243,
        0.011468952521681786,
        0.020035196095705032
      ],
      [
        -0.3007257878780365,
        0.0003303040284663439,
        0.9537105560302734,
        -0.13157227635383606
      ],
      [
        0.0,
        0.0,
        0.0,
        1.0
      ]
    ],
    [
      [
        0.9500076174736023,
        -0.040159884840250015,
        0.30963313579559326,
        -0.0661473274230957
      ],
      [
        0.03838489577174187,
        0.9991930723190308,
        0.011825397610664368,
        0.020516691729426384
      ],
      [
        -0.3098582327365875,
        0.000651018344797194,
        0.9507825374603271,
        -0.1353391855955124
      ],
      [
        0.0,
        0.0,
        0.0,
        1.0
      ]
    ],
    [
      [
        0.9472820162773132,
        -0.041198644787073135,
        0.3177412152290344,
        -0.0685206726193428
      ],
      [
        0.03901580721139908,
        0.9991509914398193,
        0.013233070261776447,
        0.020321354269981384
      ],
      [
        -0.3180166184902191,
        -0.00013852014672011137,
        0.9480851292610168,
        -0.13792254030704498
      ],
      [
        0.0,
        0.0,
        0.0,
        1.0
      ]
    ],
    [
      [
        0.9448831677436829,
        -0.042041677981615067,
        0.3246971666812897,
        -0.06985636055469513
      ],
      [
        0.03969333693385124,
        0.9991158246994019,
        0.01385579165071249,
        0.020666904747486115
      ],
      [
        -0.3249925971031189,
        -0.0002037897502304986,
        0.9457165598869324,
        -0.14126507937908173
      ],
      [
        0.0,
        0.0,
        0.0,
        1.0
      ]
    ],
    [
      [
        0.9423398971557617,
        -0.04249340668320656,
        0.33194848895072937,
        -0.0715247318148613
      ],
      [
        0.04036887362599373,
        0.9990963935852051,
        0.013296673074364662,
        0.021726517006754875
      ],
      [
        -0.3322135806083679,
        0.0008703993516974151,
        0.9432038068771362,
        -0.14533692598342896
      ],
      [
        0.0,
        0.0,
        0.0,
        1.0
      ]
    ],
    [
      [
        0.939720630645752,
        -0.04286644980311394,
        0.33924567699432373,
        -0.07343688607215881
      ],
      [
        0.04061403498053551,
        0.9990804195404053,
        0.01373984944075346,
        0.021708322688937187
      ],
      [
        -0.33952268958091736,
        0.0008665158529765904,
        0.9405974745750427,
        -0.14659899473190308
      ],
      [
        0.0,
        0.0,
        0.0,
        1.0
      ]
    ],
    [
      [
        0.9372413754463196,
        -0.04345167800784111,
        0.34596318006515503,
        -0.07510139048099518
      ],
      [
        0.041140805929899216,
        0.9990549087524414,
        0.014023883268237114,
        0.021857043728232384
      ],
      [
        -0.3462456166744232,
        0.001089440076611936,
        0.938143253326416,
        -0.14956410229206085
      ],
      [
        0.0,
        0.0,
        0.0,
        1.0
      ]
    ],
    [
      [
        0.9349255561828613,
        -0.044345423579216,
        0.3520621061325073,
        -0.07674696296453476
      ],
      [
        0.041821811348199844,
        0.9990158677101135,
        0.014774385839700699,
        0.02201078273355961
      ],
      [
        -0.3523707985877991,
        0.0009109245729632676,
        0.9358600378036499,
        -0.15245570242404938
      ],
      [
        0.0,
        0.0,
        0.0,
        1.0
      ]
    ],
    [
      [
        0.932010293006897,
        -0.0449252724647522,
        0.35963672399520874,
        -0.07908710837364197
      ],
      [
        0.04245571792125702,
        0.9989892244338989,
        0.014766832813620567,
        0.02253873273730278
      ],
      [
        -0.3599366247653961,
        0.0015057976124808192,
        0.9329755306243896,
        -0.15669459104537964
      ],
      [
        0.0,
        0.0,
        0.0,
        1.0
      ]
    ],
    [
      [
        0.9290381669998169,
        -0.04555786773562431,
        0.3671683371067047,
        -0.08127474784851074
      ],
      [
        0.04315084218978882,
        0.9989594221115112,
        0.014766213484108448,
        0.023056423291563988
      ],
      [
        -0.3674589991569519,
        0.002125247847288847,
        0.930037260055542,
        -0.15853315591812134
      ],
      [
        0.0,
        0.0,
        0.0,
        1.0
      ]
    ],
    [
      [
        0.9260740280151367,
        -0.04634103551506996,
        0.3744855225086212,
        -0.08324828743934631
      ],
      [
        0.0437198281288147,
        0.998923659324646,
        0.015496872365474701,
        0.023068135604262352
      ],
      [
        -0.37480059266090393,
        0.0020211918745189905,
        0.9271032214164734,
        -0.16022197902202606
      ],
      [
        0.0,
        0.0,
        0.0,
        1.0
      ]
    ],
    [
      [
        0.923068642616272,
        -0.046435318887233734,
        0.38182204961776733,
        -0.08531217277050018
      ],
      [
        0.04381996765732765,
        0.9989184737205505,
        0.015547198243439198,
        0.023299438878893852
      ],
      [
        -0.38213101029396057,
        0.00238029845058918,
        0.9241051077842712,
        -0.16404102742671967
      ],
      [
        0.0,
        0.0,
        0.0,
        1.0
      ]
    ],
    [
      [
        0.9202155470848083,
        -0.04686818644404411,
        0.388595849275589,
        -0.0872635617852211
      ],
      [
        0.04423023760318756,
        0.9988974332809448,
        0.015736544504761696,
        0.023628339171409607
      ],
      [
        -0.3889049291610718,
        0.0027066743932664394,
        0.921273946762085,
        -0.1669132262468338
      ],
      [
        0.0,
        0.0,
        0.0,
        1.0
      ]
    ],
    [
      [
        0.9171606302261353,
        -0.04699542373418808,
        0.39573702216148376,
        -0.08893541246652603
      ],
      [
        0.044300373643636703,
        0.9988908767700195,
        0.0159518551081419,
        0.023707931861281395
      ],
      [
        -0.39604780077934265,
        0.002900884486734867,
        0.9182253479957581,
        -0.17025592923164368
      ],
      [
        0.0,
        0.0,
        0.0,
        1.0
      ]
    ],
    [
      [
        0.9141948819160461,
        -0.047423917800188065,
        0.4024905860424042,
        -0.09135349094867706
      ],
      [
        0.04482559859752655,
        0.9988686442375183,
        0.01587846875190735,
        0.024422070011496544
      ],
      [
        -0.4027882516384125,
        0.0035258675925433636,
        0.9152864217758179,
        -0.1729871779680252
      ],
      [
        0.0,
        0.0,
        0.0,
        1.0
      ]
    ],
    [
      [
        0.9109024405479431,
        -0.04821890965104103,
        0.4097946584224701,
        -0.09309784322977066
      ],
      [
        0.045583806931972504,
        0.9988291263580322,
        0.01620335318148136,
        0.024562373757362366
      ],
      [
        -0.4100961685180664,
        0.003920325078070164,
        0.9120338559150696,
        -0.17553360760211945
      ],
      [
        0.0,
        0.0,
        0.0,
        1.0
      ]
    ],
    [
      [
        0.9079772233963013,
        -0.048167549073696136,
        0.41624176502227783,
        -0.09487946331501007
      ],
      [
        0.04570240154862404,
        0.9988287091255188,
        0.015890739858150482,
        0.024912238121032715
      ],
      [
        -0.4165196716785431,
        0.00459482055157423,
        0.9091150760650635,
        -0.1779884546995163
      ],
      [
        0.0,
        0.0,
        0.0,
        1.0
      ]
    ],
    [
      [
        0.9051609039306641,
        -0.04887014999985695,
        0.4222504198551178,
        -0.0961783304810524
      ],
      [
        0.046442754566669464,
        0.9987921714782715,
        0.016040150076150894,
        0.02512189745903015
      ],
      [
        -0.4225243330001831,
        0.005091554950922728,
        0.9063372611999512,
        -0.1803452968597412
      ],
      [
        0.0,
        0.0,
        0.0,
        1.0
      ]
    ],
    [
      [
        0.9020841717720032,
        -0.049498043954372406,
        0.4287121891975403,
        -0.09816333651542664
      ],
      [
        0.046965550631284714,
        0.9987604022026062,
        0.016490787267684937,
        0.02526273764669895
      ],
      [
        -0.4289969801902771,
        0.005258627235889435,
        0.9032906293869019,
        -0.18371078372001648
      ],
      [
        0.0,
        0.0,
        0.0,
        1.0
      ]
    ],
    [
      [
        0.8989702463150024,
        -0.05012013390660286,
        0.435132771730423,
        -0.09981821477413177
      ],
      [
        0.04769643396139145,
        0.9987256526947021,
        0.016497476026415825,
        0.0258307047188282
      ],
      [
        -0.43540510535240173,
        0.00592354079708457,
        0.9002151489257812,
        -0.1853504478931427
      ],
      [
        0.0,
        0.0,
        0.0,
        1.0
      ]
    ],
    [
      [
        0.8960584402084351,
        -0.050678547471761703,
        0.4410339295864105,
        -0.10164210200309753
      ],
      [
        0.04798850044608116,
        0.9986987709999084,
        0.01725967787206173,
        0.026034243404865265
      ],
      [
        -0.4413347542285919,
        0.005698874592781067,
        0.8973244428634644,
        -0.18842487037181854
      ],
      [
        0.0,
        0.0,
        0.0,
        1.0
      ]
    ],
    [
      [
        0.8935647010803223,
        -0.05184372141957283,
        0.44593092799186707,
        -0.10255652666091919
      ],
      [
        0.04914381727576256,
        0.9986361861228943,
        0.01762569323182106,
        0.026447109878063202
      ],
      [
        -0.4462365508079529,
        0.006165051367133856,
        0.8948938250541687,
        -0.19097010791301727
      ],
      [
        0.0,
        0.0,
        0.0,
        1.0
      ]
    ],
    [
      [
        0.8914071321487427,
        -0.0521668903529644,
        0.45019105076789856,
        -0.1030503511428833
      ],
      [
        0.04974159225821495,
        0.9986135959625244,
        0.017225021496415138,
        0.027114922180771828
      ],
      [
        -0.45046547055244446,
        0.007038712035864592,
        0.8927661180496216,
        -0.1944078803062439
      ],
      [
        0.0,
        0.0,
        0.0,
        1.0
      ]
    ],
    [
      [
        0.888383150100708,
        -0.052929818630218506,
        0.45604148507118225,
        -0.10495378077030182
      ],
      [
        0.05037388578057289,
        0.9985723495483398,
        0.017768003046512604,
        0.027308257296681404
      ],
      [
        -0.4563308656215668,
        0.007187786977738142,
        0.88978111743927,
        -0.1960267275571823
      ],
      [
        0.0,
        0.0,
        0.0,
        1.0
      ]
    ],
    [
      [
        0.8860166072845459,
        -0.05419941991567612,
        0.46047478914260864,
        -0.10564917325973511
      ],
      [
        0.05166406184434891,
        0.9985001683235168,
        0.01811806485056877,
        0.02766559273004532
      ],
      [
        -0.46076613664627075,
        0.0077370936051011086,
        0.8874878883361816,
        -0.19930486381053925
      ],
      [
        0.0,
        0.0,
        0.0,
        1.0
      ]
    ],
    [
      [
        0.8831988573074341,
        -0.05526341125369072,
        0.4657313823699951,
        -0.10713689029216766
      ],
      [
        0.05241012200713158,
        0.9984432458877563,
        0.019085723906755447,
        0.028046436607837677
      ],
      [
        -0.4660611152648926,
        0.007552551571279764,
        0.8847202658653259,
        -0.20217742025852203
      ],
      [
        0.0,
        0.0,
        0.0,
        1.0
      ]
    ],
    [
      [
        0.8805516958236694,
        -0.05583856254816055,
        0.4706493020057678,
        -0.10875040292739868
      ],
      [
        0.05273748189210892,
        0.9984123706817627,
        0.019785083830356598,
        0.028641637414693832
      ],
      [
        -0.4710069000720978,
        0.007399073336273432,
        0.8820984959602356,
        -0.2060222327709198
      ],
      [
        0.0,
        0.0,
        0.0,
        1.0
      ]
    ],
    [
      [
        0.8781425356864929,
        -0.05619285628199577,
        0.47508740425109863,
        -0.10983407497406006
      ],
      [
        0.05281323194503784,
        0.9983946084976196,
        0.02047012187540531,
        0.02901890128850937
      ],
      [
        -0.4754749834537506,
        0.007115216460078955,
        0.8797004818916321,
        -0.20958024263381958
      ],
      [
        0.0,
        0.0,
        0.0,
        1.0
      ]
    ],
    [
      [
        0.8758737444877625,
        -0.05659043788909912,
        0.4792104661464691,
        -0.11071848124265671
      ],
      [
        0.053241126239299774,
        0.9983694553375244,
        0.020587317645549774,
        0.029455654323101044
      ],
      [
        -0.4795941114425659,
        0.007481814827769995,
        0.8774585127830505,
        -0.21222224831581116
      ],
      [
        0.0,
        0.0,
        0.0,
        1.0
      ]
    ],
    [
      [
        0.8731065392494202,
        -0.0578717440366745,
        0.4840824604034424,
        -0.11198356002569199
      ],
      [
        0.054555363953113556,
        0.998291015625,
        0.02094724215567112,
        0.030230918899178505
      ],
      [
        -0.48446741700172424,
        0.008120118640363216,
        0.8747716546058655,
        -0.21471212804317474
      ],
      [
        0.0,
        0.0,
        0.0,
        1.0
      ]
    ],
    [
      [
        0.8708051443099976,
        -0.058192767202854156,
        0.48817217350006104,
        -0.11214235424995422
      ],
      [
        0.054759517312049866,
        0.9982719421386719,
        0.021318992599844933,
        0.03076767735183239
      ],
      [
        -0.4885691702365875,
        0.008167382329702377,
        0.87248694896698,
        -0.21685153245925903
      ],
      [
        0.0,
        0.0,
        0.0,
        1.0
      ]
    ],
    [
      [
        0.8686996102333069,
        -0.05887379124760628,
        0.491828054189682,
        -0.11262831091880798
      ],
      [
        0.05550752952694893,
        0.9982278347015381,
        0.02145075798034668,
        0.0313398651778698
      ],
      [
        -0.49221932888031006,
        0.008665896952152252,
        0.8704280853271484,
        -0.21981418132781982
      ],
      [
        0.0,
        0.0,
        0.0,
        1.0
      ]
    ],
    [
      [
        0.8655565977096558,
        -0.05974561721086502,
        0.49723464250564575,
        -0.11445191502571106
      ],
      [
        0.05665881559252739,
        0.9981662034988403,
        0.021307136863470078,
        0.03206091374158859
      ],
      [
        -0.497595876455307,
        0.009730193763971329,
        0.8673544526100159,
        -0.22240352630615234
      ],
      [
        0.0,
        0.0,
        0.0,
        1.0
      ]
    ],
    [
      [
        0.8624356389045715,
        -0.06049627810716629,
        0.5025385618209839,
        -0.11688004434108734
      ],
      [
        0.057243287563323975,
        0.9981196522712708,
        0.021916477009654045,
        0.03274502605199814
      ],
      [
        -0.5029194951057434,
        0.009865409694612026,
        0.8642769455909729,
        -0.22567178308963776
      ],
      [
        0.0,
        0.0,
        0.0,
        1.0
      ]
    ]
  ],
  "height": 480,
  "width": 768
}