{
  "intrinsic": [
    [
      384.3946838378906,
      0.0,
      384.0
    ],
    [
      0.0,
      384.3946838378906,
      240.0
    ],
    [
      0.0,
      0.0,
      1.0
    ]
  ],
  "extrinsic": [
    [
      [
        1.0,
        0.000108228501630947,
        0.00016171952302102,
        -7.950153667479753e-05
      ],
      [
        -0.00010821885371115059,
        1.0,
        -5.967746255919337e-05,
        2.4502855012542568e-05
      ],
      [
        -0.0001617259840713814,
        5.965996388113126e-05,
        1.0,
        -2.989858330693096e-06
      ],
      [
        0.0,
        0.0,
        0.0,
        1.0
      ]
    ],
    [
      [
        0.9999998211860657,
        -4.908642586087808e-05,
        -0.000605336856096983,
        0.0005441452376544476
      ],
      [
        4.905146124656312e-05,
        1.0,
        -5.7774177548708394e-05,
        5.044124918640591e-06
      ],
      [
        0.0006053396500647068,
        5.774447345174849e-05,
        0.9999998211860657,
        0.0007851991686038673
      ],
      [
        0.0,
        0.0,
        0.0,
        1.0
      ]
    ],
    [
      [
        0.9999990463256836,
        3.273987749707885e-05,
        0.0013997185742482543,
        -0.0006644921377301216
      ],
      [
        -3.2965923310257494e-05,
        1.0,
        0.00016146972484420985,
        -1.8632405044627376e-05
      ],
      [
        -0.0013997132191434503,
        -0.00016151572344824672,
        0.9999989867210388,
        -0.0006850718054920435
      ],
      [
        0.0,
        0.0,
        0.0,
        1.0
      ]
    ],
    [
      [
        0.9999967217445374,
        -0.00030568099464289844,
        0.0025377394631505013,
        -0.0018614933360368013
      ],
      [
        0.00030401640105992556,
        0.9999997615814209,
        0.0006563066854141653,
        0.000248979136813432
      ],
      [
        -0.0025379392318427563,
        -0.0006555329309776425,
        0.999996542930603,
        -0.0022059695329517126
      ],
      [
        0.0,
        0.0,
        0.0,
        1.0
      ]
    ],
    [
      [
        0.9999701976776123,
        -0.0005334774614311755,
        0.007704300805926323,
        -0.006407581269741058
      ],
      [
        0.0005164536414667964,
        0.9999974370002747,
        0.0022114659659564495,
        0.00086235161870718
      ],
      [
        -0.0077054607681930065,
        -0.002207420766353607,
        0.9999678730964661,
        -0.008738460950553417
      ],
      [
        0.0,
        0.0,
        0.0,
        1.0
      ]
    ],
    [
      [
        0.9999171495437622,
        -0.0011126315221190453,
        0.012825893238186836,
        -0.010857520624995232
      ],
      [
        0.0010896077146753669,
        0.9999977946281433,
        0.0018019502749666572,
        0.0010796748101711273
      ],
      [
        -0.012827870436012745,
        -0.001787825720384717,
        0.999916136264801,
        -0.015790177509188652
      ],
      [
        0.0,
        0.0,
        0.0,
        1.0
      ]
    ],
    [
      [
        0.9998468160629272,
        -0.00240701949223876,
        0.01733684539794922,
        -0.015118011273443699
      ],
      [
        0.002374020405113697,
        0.9999953508377075,
        0.0019237417727708817,
        0.0011979631381109357
      ],
      [
        -0.01734139584004879,
        -0.0018822891870513558,
        0.9998478293418884,
        -0.023934613913297653
      ],
      [
        0.0,
        0.0,
        0.0,
        1.0
      ]
    ],
    [
      [
        0.9998024702072144,
        -0.0032941855024546385,
        0.019600801169872284,
        -0.01770694926381111
      ],
      [
        0.0032705524936318398,
        0.9999938607215881,
        0.0012376378290355206,
        0.0012156689772382379
      ],
      [
        -0.0196047592908144,
        -0.0011732878629118204,
        0.9998071193695068,
        -0.029162544757127762
      ],
      [
        0.0,
        0.0,
        0.0,
        1.0
      ]
    ],
    [
      [
        0.9997345209121704,
        -0.003958461340516806,
        0.022698653861880302,
        -0.020308151841163635
      ],
      [
        0.003916492685675621,
        0.9999905228614807,
        0.0018931078957393765,
        0.0004081942024640739
      ],
      [
        -0.022705933079123497,
        -0.001803706050850451,
        0.9997405409812927,
        -0.038729339838027954
      ],
      [
        0.0,
        0.0,
        0.0,
        1.0
      ]
    ],
    [
      [
        0.9996324181556702,
        -0.005138163920491934,
        0.026620738208293915,
        -0.022980310022830963
      ],
      [
        0.005091334693133831,
        0.99998539686203,
        0.001826601568609476,
        5.45953844266478e-05
      ],
      [
        -0.0266297347843647,
        -0.0016903950599953532,
        0.9996439218521118,
        -0.04479491710662842
      ],
      [
        0.0,
        0.0,
        0.0,
        1.0
      ]
    ],
    [
      [
        0.9995337724685669,
        -0.005653638392686844,
        0.03000386245548725,
        -0.02519257739186287
      ],
      [
        0.005576733034104109,
        0.9999809265136719,
        0.0026462532114237547,
        -0.001088521908968687
      ],
      [
        -0.03001825138926506,
        -0.0024776961654424667,
        0.9995462894439697,
        -0.05463685467839241
      ],
      [
        0.0,
        0.0,
        0.0,
        1.0
      ]
    ],
    [
      [
        0.9994452595710754,
        -0.005896392278373241,
        0.03277876228094101,
        -0.027055559679865837
      ],
      [
        0.005809996742755175,
        0.9999793767929077,
        0.002730337204411626,
        -0.0021772258915007114
      ],
      [
        -0.03279418125748634,
        -0.002538378117606044,
        0.999458909034729,
        -0.06193342059850693
      ],
      [
        0.0,
        0.0,
        0.0,
        1.0
      ]
    ],
    [
      [
        0.9993861317634583,
        -0.006604742258787155,
        0.03440604358911514,
        -0.028681594878435135
      ],
      [
        0.006545081268996,
        0.9999768733978271,
        0.0018463719170540571,
        -0.0028664825949817896
      ],
      [
        -0.03441743925213814,
        -0.0016200481913983822,
        0.9994062185287476,
        -0.06888558715581894
      ],
      [
        0.0,
        0.0,
        0.0,
        1.0
      ]
    ],
    [
      [
        0.9993423223495483,
        -0.006599488202482462,
        0.03565631061792374,
        -0.02949444204568863
      ],
      [
        0.006528947502374649,
        0.9999765157699585,
        0.002094428986310959,
        -0.0037935106083750725
      ],
      [
        -0.035669296979904175,
        -0.001860253163613379,
        0.9993619322776794,
        -0.07876937091350555
      ],
      [
        0.0,
        0.0,
        0.0,
        1.0
      ]
    ],
    [
      [
        0.9992586374282837,
        -0.00691495556384325,
        0.03787346929311752,
        -0.03053322806954384
      ],
      [
        0.006818315479904413,
        0.9999731779098511,
        0.0026802271604537964,
        -0.004378500394523144
      ],
      [
        -0.03789098560810089,
        -0.002420006785541773,
        0.9992789626121521,
        -0.08876369148492813
      ],
      [
        0.0,
        0.0,
        0.0,
        1.0
      ]
    ],
    [
      [
        0.9991870522499084,
        -0.006500959862023592,
        0.03978592902421951,
        -0.032071202993392944
      ],
      [
        0.00636216439306736,
        0.9999732375144958,
        0.0036141828168183565,
        -0.005289190914481878
      ],
      [
        -0.03980835899710655,
        -0.0033581198658794165,
        0.9992017149925232,
        -0.09977743029594421
      ],
      [
        0.0,
        0.0,
        0.0,
        1.0
      ]
    ],
    [
      [
        0.999114453792572,
        -0.006372346077114344,
        0.04159015789628029,
        -0.033255282789468765
      ],
      [
        0.006285017356276512,
        0.9999777674674988,
        0.0022301599383354187,
        -0.005146765615791082
      ],
      [
        -0.0416034460067749,
        -0.001966790296137333,
        0.9991322755813599,
        -0.1105784997344017
      ],
      [
        0.0,
        0.0,
        0.0,
        1.0
      ]
    ],
    [
      [
        0.9991215467453003,
        -0.006797488313168287,
        0.04135093465447426,
        -0.033973827958106995
      ],
      [
        0.0067742010578513145,
        0.9999768137931824,
        0.0007032492430880666,
        -0.004861657042056322
      ],
      [
        -0.04135475680232048,
        -0.0004225119191687554,
        0.999144434928894,
        -0.12126727402210236
      ],
      [
        0.0,
        0.0,
        0.0,
        1.0
      ]
    ],
    [
      [
        0.9990715980529785,
        -0.007152417674660683,
        0.04248270019888878,
        -0.035635240375995636
      ],
      [
        0.007091733161360025,
        0.9999735951423645,
        0.0015789862954989076,
        -0.0059237913228571415
      ],
      [
        -0.04249287396669388,
        -0.0012762442929670215,
        0.9990959763526917,
        -0.13357025384902954
      ],
      [
        0.0,
        0.0,
        0.0,
        1.0
      ]
    ],
    [
      [
        0.9991071820259094,
        -0.006945421919226646,
        0.041673023253679276,
        -0.036635491997003555
      ],
      [
        0.006927113048732281,
        0.999975860118866,
        0.0005837356438860297,
        -0.006223122123628855
      ],
      [
        -0.04167607054114342,
        -0.00029454074683599174,
        0.9991311430931091,
        -0.14269356429576874
      ],
      [
        0.0,
        0.0,
        0.0,
        1.0
      ]
    ],
    [
      [
        0.9990401268005371,
        -0.006925896741449833,
        0.04325326532125473,
        -0.03798072412610054
      ],
      [
        0.006941191386431456,
        0.999975860118866,
        -0.00020343420328572392,
        -0.006366733927279711
      ],
      [
        -0.04325081408023834,
        0.0005034681526012719,
        0.9990641474723816,
        -0.15395773947238922
      ],
      [
        0.0,
        0.0,
        0.0,
        1.0
      ]
    ],
    [
      [
        0.9990501403808594,
        -0.007622872479259968,
        0.042903248220682144,
        -0.038845501840114594
      ],
      [
        0.007629494182765484,
        0.9999709129333496,
        9.39347501116572e-06,
        -0.0073873260989785194
      ],
      [
        -0.04290207102894783,
        0.00031794552342034876,
        0.9990792274475098,
        -0.16138312220573425
      ],
      [
        0.0,
        0.0,
        0.0,
        1.0
      ]
    ],
    [
      [
        0.9990507960319519,
        -0.007676809094846249,
        0.04287811741232872,
        -0.03987739980220795
      ],
      [
        0.00766848074272275,
        0.999970555305481,
        0.00035872330772690475,
        -0.008404671214520931
      ],
      [
        -0.042879607528448105,
        -2.9572802304755896e-05,
        0.999080240726471,
        -0.1710944026708603
      ],
      [
        0.0,
        0.0,
        0.0,
        1.0
      ]
    ],
    [
      [
        0.999055027961731,
        -0.00769038125872612,
        0.042777594178915024,
        -0.04082811251282692
      ],
      [
        0.007664764765650034,
        0.9999703168869019,
        0.000762823736295104,
        -0.00875936634838581
      ],
      [
        -0.042782191187143326,
        -0.000434222660260275,
        0.9990843534469604,
        -0.1782951056957245
      ],
      [
        0.0,
        0.0,
        0.0,
        1.0
      ]
    ],
    [
      [
        0.9990429878234863,
        -0.007556112948805094,
        0.04308129847049713,
        -0.042449235916137695
      ],
      [
        0.0075541213154792786,
        0.9999714493751526,
        0.00020902487449347973,
        -0.00830663088709116
      ],
      [
        -0.04308164864778519,
        0.00011661651660688221,
        0.9990715384483337,
        -0.18717749416828156
      ],
      [
        0.0,
        0.0,
        0.0,
        1.0
      ]
    ],
    [
      [
        0.999071478843689,
        -0.007231861352920532,
        0.04247157648205757,
        -0.043473925441503525
      ],
      [
        0.007208687253296375,
        0.9999737739562988,
        0.0006987670785747468,
        -0.007941040210425854
      ],
      [
        -0.042475517839193344,
        -0.0003919539740309119,
        0.9990974068641663,
        -0.19404174387454987
      ],
      [
        0.0,
        0.0,
        0.0,
        1.0
      ]
    ],
    [
      [
        0.9990633726119995,
        -0.0074934326112270355,
        0.04261767491698265,
        -0.045257579535245895
      ],
      [
        0.007454567588865757,
        0.9999716281890869,
        0.0010707997716963291,
        -0.008078716695308685
      ],
      [
        -0.04262448847293854,
        -0.0007521005463786423,
        0.9990909099578857,
        -0.20058630406856537
      ],
      [
        0.0,
        0.0,
        0.0,
        1.0
      ]
    ],
    [
      [
        0.9991543292999268,
        -0.007489778101444244,
        0.04042980819940567,
        -0.04689532145857811
      ],
      [
        0.007442629896104336,
        0.9999714493751526,
        0.0013165597338229418,
        -0.008054417558014393
      ],
      [
        -0.040438514202833176,
        -0.0010145421838387847,
        0.9991815090179443,
        -0.20551235973834991
      ],
      [
        0.0,
        0.0,
        0.0,
        1.0
      ]
    ],
    [
      [
        0.9992779493331909,
        -0.007187352981418371,
        0.03730897977948189,
        -0.04892176762223244
      ],
      [
        0.007129996083676815,
        0.9999731779098511,
        0.001670185592956841,
        -0.0077817440032958984
      ],
      [
        -0.037319980561733246,
        -0.0014029667945578694,
        0.9993023872375488,
        -0.2120221108198166
      ],
      [
        0.0,
        0.0,
        0.0,
        1.0
      ]
    ],
    [
      [
        0.999437153339386,
        -0.005816162098199129,
        0.03303837031126022,
        -0.05088949203491211
      ],
      [
        0.005754457321017981,
        0.9999815225601196,
        0.0019624347332865,
        -0.007832389324903488
      ],
      [
        -0.033049169927835464,
        -0.0017712123226374388,
        0.9994521737098694,
        -0.21597717702388763
      ],
      [
        0.0,
        0.0,
        0.0,
        1.0
      ]
    ],
    [
      [
        0.9996181130409241,
        -0.005407867021858692,
        0.02709955722093582,
        -0.05251169949769974
      ],
      [
        0.005343505181372166,
        0.9999827146530151,
        0.00244684936478734,
        -0.00806280318647623
      ],
      [
        -0.027112320065498352,
        -0.0023011083249002695,
        0.9996297359466553,
        -0.2211432307958603
      ],
      [
        0.0,
        0.0,
        0.0,
        1.0
      ]
    ],
    [
      [
        0.9997490048408508,
        -0.004985194653272629,
        0.021842515096068382,
        -0.05506395548582077
      ],
      [
        0.004928251728415489,
        0.9999843239784241,
        0.0026600384153425694,
        -0.009036351926624775
      ],
      [
        -0.021855436265468597,
        -0.0025517253670841455,
        0.9997578859329224,
        -0.22722746431827545
      ],
      [
        0.0,
        0.0,
        0.0,
        1.0
      ]
    ],
    [
      [
        0.9998802542686462,
        -0.004208185710012913,
        0.014890044927597046,
        -0.05717772617936134
      ],
      [
        0.004171426873654127,
        0.9999881982803345,
        0.002498893765732646,
        -0.009543006308376789
      ],
      [
        -0.014900383539497852,
        -0.0024364818818867207,
        0.9998860359191895,
        -0.23293298482894897
      ],
      [
        0.0,
        0.0,
        0.0,
        1.0
      ]
    ],
    [
      [
        0.9999703764915466,
        -0.00290905823931098,
        0.0071227350272238255,
        -0.06001092121005058
      ],
      [
        0.002884035464376211,
        0.9999896287918091,
        0.0035208347253501415,
        -0.010134844109416008
      ],
      [
        -0.0071329036727547646,
        -0.003500188235193491,
        0.999968409538269,
        -0.2392393797636032
      ],
      [
        0.0,
        0.0,
        0.0,
        1.0
      ]
    ],
    [
      [
        0.9999962449073792,
        -0.0016689972253516316,
        -0.0021682383958250284,
        -0.0632791519165039
      ],
      [
        0.0016773397801443934,
        0.9999911785125732,
        0.003851554822176695,
        -0.01007027830928564
      ],
      [
        0.0021617908496409655,
        -0.0038551772013306618,
        0.9999902248382568,
        -0.2450210154056549
      ],
      [
        0.0,
        0.0,
        0.0,
        1.0
      ]
    ],
    [
      [
        0.9999232292175293,
        -2.32486108870944e-05,
        -0.012392885982990265,
        -0.06604345142841339
      ],
      [
        6.558821769431233e-05,
        0.999994158744812,
        0.0034160485956817865,
        -0.009667148813605309
      ],
      [
        0.012392735108733177,
        -0.0034165990073233843,
        0.9999173879623413,
        -0.2511758804321289
      ],
      [
        0.0,
        0.0,
        0.0,
        1.0
      ]
    ],
    [
      [
        0.9997332692146301,
        0.001596783404238522,
        -0.023041069507598877,
        -0.06901200860738754
      ],
      [
        -0.0015272763557732105,
        0.9999942183494568,
        0.0030339390505105257,
        -0.009016654454171658
      ],
      [
        0.023045780137181282,
        -0.0029979394748806953,
        0.9997299313545227,
        -0.2589355707168579
      ],
      [
        0.0,
        0.0,
        0.0,
        1.0
      ]
    ],
    [
      [
        0.9993266463279724,
        0.00383924413472414,
        -0.036490298807621,
        -0.0714309960603714
      ],
      [
        -0.003709192154929042,
        0.9999865293502808,
        0.003631039522588253,
        -0.008707628585398197
      ],
      [
        0.03650375083088875,
        -0.003493244992569089,
        0.9993274211883545,
        -0.26399296522140503
      ],
      [
        0.0,
        0.0,
        0.0,
        1.0
      ]
    ],
    [
      [
        0.9987542629241943,
        0.006403620820492506,
        -0.04948592558503151,
        -0.0743684321641922
      ],
      [
        -0.006248240824788809,
        0.9999750256538391,
        0.0032939331140369177,
        -0.008026022464036942
      ],
      [
        0.04950578883290291,
        -0.0029806296806782484,
        0.9987694025039673,
        -0.2725805640220642
      ],
      [
        0.0,
        0.0,
        0.0,
        1.0
      ]
    ],
    [
      [
        0.9979709386825562,
        0.007280297577381134,
        -0.06325332075357437,
        -0.07715201377868652
      ],
      [
        -0.007019970566034317,
        0.9999659657478333,
        0.0043369014747440815,
        -0.00730845658108592
      ],
      [
        0.06328274309635162,
        -0.0038840651977807283,
        0.9979881048202515,
        -0.2789161503314972
      ],
      [
        0.0,
        0.0,
        0.0,
        1.0
      ]
    ],
    [
      [
        0.9969783425331116,
        0.009357012808322906,
        -0.07711414992809296,
        -0.08027677237987518
      ],
      [
        -0.009118645451962948,
        0.999952495098114,
        0.0034426343627274036,
        -0.0062719485722482204
      ],
      [
        0.07714270800352097,
        -0.0027290554717183113,
        0.9970163106918335,
        -0.286430299282074
      ],
      [
        0.0,
        0.0,
        0.0,
        1.0
      ]
    ],
    [
      [
        0.9956541061401367,
        0.011135715059936047,
        -0.09245996922254562,
        -0.08151411265134811
      ],
      [
        -0.010790536180138588,
        0.9999328255653381,
        0.004232360981404781,
        -0.005955605302006006
      ],
      [
        0.09250088036060333,
        -0.0032162750139832497,
        0.9957073926925659,
        -0.2920038402080536
      ],
      [
        0.0,
        0.0,
        0.0,
        1.0
      ]
    ],
    [
      [
        0.9940131902694702,
        0.012589764781296253,
        -0.10853253304958344,
        -0.0840335339307785
      ],
      [
        -0.012329034507274628,
        0.9999192953109741,
        0.003073058556765318,
        -0.005150448530912399
      ],
      [
        0.10856245458126068,
        -0.0017165595199912786,
        0.9940881729125977,
        -0.3013100028038025
      ],
      [
        0.0,
        0.0,
        0.0,
        1.0
      ]
    ],
    [
      [
        0.9922001957893372,
        0.014623475261032581,
        -0.12379364669322968,
        -0.0847015306353569
      ],
      [
        -0.014456041157245636,
        0.9998929500579834,
        0.0022507093381136656,
        -0.004068200476467609
      ],
      [
        0.12381330132484436,
        -0.0004435883311089128,
        0.9923054575920105,
        -0.30776360630989075
      ],
      [
        0.0,
        0.0,
        0.0,
        1.0
      ]
    ],
    [
      [
        0.9903751015663147,
        0.015949606895446777,
        -0.1374874860048294,
        -0.0860770121216774
      ],
      [
        -0.015653710812330246,
        0.9998722672462463,
        0.003233179450035095,
        -0.003465255256742239
      ],
      [
        0.13752149045467377,
        -0.00104987109079957,
        0.9904982447624207,
        -0.3142673373222351
      ],
      [
        0.0,
        0.0,
        0.0,
        1.0
      ]
    ],
    [
      [
        0.9880083799362183,
        0.017505032941699028,
        -0.1534045785665512,
        -0.08627211302518845
      ],
      [
        -0.01722727343440056,
        0.9998466968536377,
        0.0031397752463817596,
        -0.0022623350378125906
      ],
      [
        0.15343602001667023,
        -0.00045938181574456394,
        0.9881584644317627,
        -0.3206721246242523
      ],
      [
        0.0,
        0.0,
        0.0,
        1.0
      ]
    ],
    [
      [
        0.9856928586959839,
        0.019061440601944923,
        -0.16747009754180908,
        -0.08680592477321625
      ],
      [
        -0.018689051270484924,
        0.9998181462287903,
        0.003799537429586053,
        -0.002259825589135289
      ],
      [
        0.16751205921173096,
        -0.0006153199356049299,
        0.985869824886322,
        -0.3261767327785492
      ],
      [
        0.0,
        0.0,
        0.0,
        1.0
      ]
    ],
    [
      [
        0.9832453727722168,
        0.02096259966492653,
        -0.18107764422893524,
        -0.08770176768302917
      ],
      [
        -0.020802106708288193,
        0.9997797608375549,
        0.0027855888474732637,
        -0.0004716998082585633
      ],
      [
        0.181096151471138,
        0.0010278791887685657,
        0.9834648370742798,
        -0.33059224486351013
      ],
      [
        0.0,
        0.0,
        0.0,
        1.0
      ]
    ],
    [
      [
        0.980307936668396,
        0.022499561309814453,
        -0.19618889689445496,
        -0.0871831551194191
      ],
      [
        -0.022444095462560654,
        0.9997449517250061,
        0.0025062516797333956,
        -0.00023312174016609788
      ],
      [
        0.19619524478912354,
        0.0019463838543742895,
        0.9805629253387451,
        -0.33689647912979126
      ],
      [
        0.0,
        0.0,
        0.0,
        1.0
      ]
    ],
    [
      [
        0.9773144125938416,
        0.024369319900870323,
        -0.21038706600666046,
        -0.08660271763801575
      ],
      [
        -0.024327456951141357,
        0.999700129032135,
        0.0027874214574694633,
        0.0010354379191994667
      ],
      [
        0.21039192378520966,
        0.0023939956445246935,
        0.977614164352417,
        -0.34292566776275635
      ],
      [
        0.0,
        0.0,
        0.0,
        1.0
      ]
    ],
    [
      [
        0.9740312695503235,
        0.026265522465109825,
        -0.22488489747047424,
        -0.08628206700086594
      ],
      [
        -0.026210971176624298,
        0.9996511936187744,
        0.003228569868952036,
        0.0012374214129522443
      ],
      [
        0.2248912751674652,
        0.0027497231494635344,
        0.9743800163269043,
        -0.3467767834663391
      ],
      [
        0.0,
        0.0,
        0.0,
        1.0
      ]
    ],
    [
      [
        0.9706882238388062,
        0.027371274307370186,
        -0.2387785017490387,
        -0.08571525663137436
      ],
      [
        -0.02739996835589409,
        0.9996194243431091,
        0.003199752187356353,
        0.0016221991972997785
      ],
      [
        0.23877522349357605,
        0.003436561208218336,
        0.971068799495697,
        -0.3518618941307068
      ],
      [
        0.0,
        0.0,
        0.0,
        1.0
      ]
    ],
    [
      [
        0.9671003818511963,
        0.029339006170630455,
        -0.252697616815567,
        -0.08492574840784073
      ],
      [
        -0.0291542150080204,
        0.9995648860931396,
        0.004476448986679316,
        0.0019003039924427867
      ],
      [
        0.2527190148830414,
        0.003038026625290513,
        0.9675349593162537,
        -0.3587873578071594
      ],
      [
        0.0,
        0.0,
        0.0,
        1.0
      ]
    ],
    [
      [
        0.963591456413269,
        0.03088439255952835,
        -0.26558926701545715,
        -0.08475187420845032
      ],
      [
        -0.030647294595837593,
        0.999517560005188,
        0.005037932191044092,
        0.001855771173723042
      ],
      [
        0.2656167447566986,
        0.0032850836869329214,
        0.964073121547699,
        -0.36403554677963257
      ],
      [
        0.0,
        0.0,
        0.0,
        1.0
      ]
    ],
    [
      [
        0.9600518941879272,
        0.03249277174472809,
        -0.2779291272163391,
        -0.08524775505065918
      ],
      [
        -0.03247872367501259,
        0.9994615912437439,
        0.004655926488339901,
        0.003129536984488368
      ],
      [
        0.2779307961463928,
        0.004556852858513594,
        0.9605903029441833,
        -0.36789509654045105
      ],
      [
        0.0,
        0.0,
        0.0,
        1.0
      ]
    ],
    [
      [
        0.9557404518127441,
        0.03374502807855606,
        -0.2922694683074951,
        -0.08326999843120575
      ],
      [
        -0.03391427546739578,
        0.9994146823883057,
        0.004489115905016661,
        0.003422095440328121
      ],
      [
        0.292249858379364,
        0.005621677730232477,
        0.9563254714012146,
        -0.37616845965385437
      ],
      [
        0.0,
        0.0,
        0.0,
        1.0
      ]
    ],
    [
      [
        0.9519301652908325,
        0.03556567057967186,
        -0.3042434751987457,
        -0.08417394757270813
      ],
      [
        -0.03568057343363762,
        0.9993497729301453,
        0.005183791276067495,
        0.0037381043657660484
      ],
      [
        0.3042300045490265,
        0.005920973140746355,
        0.9525802135467529,
        -0.3816651701927185
      ],
      [
        0.0,
        0.0,
        0.0,
        1.0
      ]
    ],
    [
      [
        0.947023868560791,
        0.03691771253943443,
        -0.31903430819511414,
        -0.08158610016107559
      ],
      [
        -0.036737337708473206,
        0.9993032813072205,
        0.006585041992366314,
        0.003666800446808338
      ],
      [
        0.31905511021614075,
        0.005484278313815594,
        0.9477202892303467,
        -0.3898824155330658
      ],
      [
        0.0,
        0.0,
        0.0,
        1.0
      ]
    ],
    [
      [
        0.9419523477554321,
        0.03831777349114418,
        -0.33355283737182617,
        -0.07993103563785553
      ],
      [
        -0.03840833157300949,
        0.9992421269416809,
        0.0063255843706429005,
        0.005468085408210754
      ],
      [
        0.3335424065589905,
        0.00685280654579401,
        0.9427101612091064,
        -0.3974764943122864
      ],
      [
        0.0,
        0.0,
        0.0,
        1.0
      ]
    ],
    [
      [
        0.9372290968894958,
        0.04052349552512169,
        -0.3463517129421234,
        -0.07981470972299576
      ],
      [
        -0.040667254477739334,
        0.9991492033004761,
        0.0068557108752429485,
        0.007422261405736208
      ],
      [
        0.346334844827652,
        0.007659801747649908,
        0.9380797147750854,
        -0.40299734473228455
      ],
      [
        0.0,
        0.0,
        0.0,
        1.0
      ]
    ],
    [
      [
        0.9316501021385193,
        0.041591595858335495,
        -0.3609685003757477,
        -0.07679328322410583
      ],
      [
        -0.0417996346950531,
        0.9990997910499573,
        0.007234762888401747,
        0.008545517921447754
      ],
      [
        0.3609444797039032,
        0.00834808498620987,
        0.9325499534606934,
        -0.41262999176979065
      ],
      [
        0.0,
        0.0,
        0.0,
        1.0
      ]
    ],
    [
      [
        0.9253575801849365,
        0.04379462078213692,
        -0.37655729055404663,
        -0.07401198893785477
      ],
      [
        -0.04373650997877121,
        0.999005138874054,
        0.008708208799362183,
        0.010280191898345947
      ],
      [
        0.37656402587890625,
        0.00841109361499548,
        0.9263523817062378,
        -0.42085304856300354
      ],
      [
        0.0,
        0.0,
        0.0,
        1.0
      ]
    ],
    [
      [
        0.9195372462272644,
        0.04619940370321274,
        -0.3902779519557953,
        -0.07208916544914246
      ],
      [
        -0.045991480350494385,
        0.9988929629325867,
        0.009883670136332512,
        0.012835534289479256
      ],
      [
        0.39030250906944275,
        0.008861060254275799,
        0.9206440448760986,
        -0.4254986345767975
      ],
      [
        0.0,
        0.0,
        0.0,
        1.0
      ]
    ],
    [
      [
        0.9136731028556824,
        0.04804335907101631,
        -0.40360045433044434,
        -0.07164628058671951
      ],
      [
        -0.04786602035164833,
        0.9987981915473938,
        0.010534483939409256,
        0.014692594297230244
      ],
      [
        0.40362149477005005,
        0.009693674743175507,
        0.9148746728897095,
        -0.4338962435722351
      ],
      [
        0.0,
        0.0,
        0.0,
        1.0
      ]
    ],
    [
      [
        0.9064244031906128,
        0.05017630010843277,
        -0.4193771183490753,
        -0.06868156045675278
      ],
      [
        -0.0495656356215477,
        0.9986944198608398,
        0.0123594980686903,
        0.015424296259880066
      ],
      [
        0.41944974660873413,
        0.00958374235779047,
        0.9077279567718506,
        -0.4419063329696655
      ],
      [
        0.0,
        0.0,
        0.0,
        1.0
      ]
    ],
    [
      [
        0.8985075950622559,
        0.0512593537569046,
        -0.4359548091888428,
        -0.06325679272413254
      ],
      [
        -0.05069455876946449,
        0.9986304044723511,
        0.012936430051922798,
        0.016144754365086555
      ],
      [
        0.4360208511352539,
        0.01047705952078104,
        0.8998755812644958,
        -0.45429712533950806
      ],
      [
        0.0,
        0.0,
        0.0,
        1.0
      ]
    ],
    [
      [
        0.8906111717224121,
        0.05385388061404228,
        -0.45156553387641907,
        -0.06057802587747574
      ],
      [
        -0.05344105884432793,
        0.9984773397445679,
        0.013678357005119324,
        0.01866709627211094
      ],
      [
        0.4516145884990692,
        0.01195004303008318,
        0.8921331167221069,
        -0.4582631587982178
      ],
      [
        0.0,
        0.0,
        0.0,
        1.0
      ]
    ],
    [
      [
        0.8831622004508972,
        0.05576092749834061,
        -0.4657415747642517,
        -0.0563882514834404
      ],
      [
        -0.054265089333057404,
        0.9983880519866943,
        0.016631895676255226,
        0.018186474218964577
      ],
      [
        0.46591824293136597,
        0.010584847070276737,
        0.8847644329071045,
        -0.4694398045539856
      ],
      [
        0.0,
        0.0,
        0.0,
        1.0
      ]
    ],
    [
      [
        0.8742128610610962,
        0.05795762315392494,
        -0.4820713698863983,
        -0.05167211964726448
      ],
      [
        -0.056441858410835266,
        0.9982496500015259,
        0.01766125299036503,
        0.020098665729165077
      ],
      [
        0.48225119709968567,
        0.011769307777285576,
        0.8759539127349854,
        -0.47441405057907104
      ],
      [
        0.0,
        0.0,
        0.0,
        1.0
      ]
    ],
    [
      [
        0.8661357760429382,
        0.05967175215482712,
        -0.49623388051986694,
        -0.0475708469748497
      ],
      [
        -0.05837835371494293,
        0.9981299042701721,
        0.018129704520106316,
        0.021011266857385635
      ],
      [
        0.4963877201080322,
        0.013266535475850105,
        0.8679995536804199,
        -0.4808593690395355
      ],
      [
        0.0,
        0.0,
        0.0,
        1.0
      ]
    ],
    [
      [
        0.8576494455337524,
        0.06116415187716484,
        -0.5105843544006348,
        -0.04362611472606659
      ],
      [
        -0.05912167206406593,
        0.9980453848838806,
        0.020249206572771072,
        0.02090146392583847
      ],
      [
        0.5108249187469482,
        0.01281987875699997,
        0.859589159488678,
        -0.490896612405777
      ],
      [
        0.0,
        0.0,
        0.0,
        1.0
      ]
    ],
    [
      [
        0.849148154258728,
        0.06344864517450333,
        -0.5243297219276428,
        -0.03976748511195183
      ],
      [
        -0.06124420836567879,
        0.9978897571563721,
        0.021569136530160904,
        0.021586744114756584
      ],
      [
        0.5245916843414307,
        0.013796763494610786,
        0.8512421250343323,
        -0.49747413396835327
      ],
      [
        0.0,
        0.0,
        0.0,
        1.0
      ]
    ],
    [
      [
        0.8411298990249634,
        0.06522804498672485,
        -0.5368853211402893,
        -0.03770334646105766
      ],
      [
        -0.06255209445953369,
        0.9977715015411377,
        0.02322329953312874,
        0.02134738303720951
      ],
      [
        0.5372036099433899,
        0.014049483463168144,
        0.8433355689048767,
        -0.5062828660011292
      ],
      [
        0.0,
        0.0,
        0.0,
        1.0
      ]
    ],
    [
      [
        0.8315967917442322,
        0.06705930083990097,
        -0.551316499710083,
        -0.03246353566646576
      ],
      [
        -0.06409399956464767,
        0.9976388812065125,
        0.02466932311654091,
        0.021161481738090515
      ],
      [
        0.5516690611839294,
        0.014821144752204418,
        0.8339314460754395,
        -0.5116515755653381
      ],
      [
        0.0,
        0.0,
        0.0,
        1.0
      ]
    ],
    [
      [
        0.8243480920791626,
        0.06882461160421371,
        -0.561883807182312,
        -0.030303597450256348
      ],
      [
        -0.0662115141749382,
        0.9974913001060486,
        0.025041865184903145,
        0.020686939358711243
      ],
      [
        0.5621976852416992,
        0.016559960320591927,
        0.8268370628356934,
        -0.5227922797203064
      ],
      [
        0.0,
        0.0,
        0.0,
        1.0
      ]
    ],
    [
      [
        0.8131734728813171,
        0.06947778910398483,
        -0.5778595805168152,
        -0.024028057232499123
      ],
      [
        -0.066822350025177,
        0.9974289536476135,
        0.025890374556183815,
        0.02024736814200878
      ],
      [
        0.5781726837158203,
        0.017560575157403946,
        0.8157253861427307,
        -0.5270856022834778
      ],
      [
        0.0,
        0.0,
        0.0,
        1.0
      ]
    ],
    [
      [
        0.806587278842926,
        0.07199236750602722,
        -0.5867146253585815,
        -0.02409893088042736
      ],
      [
        -0.07021185755729675,
        0.9971974492073059,
        0.025836439803242683,
        0.020890120416879654
      ],
      [
        0.5869303345680237,
        0.0203549824655056,
        0.8093814849853516,
        -0.5354824066162109
      ],
      [
        0.0,
        0.0,
        0.0,
        1.0
      ]
    ],
    [
      [
        0.7977086305618286,
        0.07413598150014877,
        -0.5984687805175781,
        -0.021483460441231728
      ],
      [
        -0.07208047807216644,
        0.9970215559005737,
        0.027429932728409767,
        0.019919434562325478
      ],
      [
        0.5987198948860168,
        0.021256815642118454,
        0.8006764054298401,
        -0.5446974039077759
      ],
      [
        0.0,
        0.0,
        0.0,
        1.0
      ]
    ],
    [
      [
        0.7879759073257446,
        0.07453422248363495,
        -0.6111780405044556,
        -0.01655096560716629
      ],
      [
        -0.07302329689264297,
        0.9969528913497925,
        0.027433093637228012,
        0.020321577787399292
      ],
      [
        0.6113604307174683,
        0.02301362156867981,
        0.7910175323486328,
        -0.5515815019607544
      ],
      [
        0.0,
        0.0,
        0.0,
        1.0
      ]
    ],
    [
      [
        0.7794212102890015,
        0.07630600035190582,
        -0.6218360066413879,
        -0.015192952007055283
      ],
      [
        -0.07429390400648117,
        0.9968088865280151,
        0.029197826981544495,
        0.019412538036704063
      ],
      [
        0.6220795512199402,
        0.023441214114427567,
        0.7826030254364014,
        -0.5633023381233215
      ],
      [
        0.0,
        0.0,
        0.0,
        1.0
      ]
    ],
    [
      [
        0.7687492370605469,
        0.0777311697602272,
        -0.6348089575767517,
        -0.008747239597141743
      ],
      [
        -0.07630524784326553,
        0.9966440796852112,
        0.029632069170475006,
        0.021247880533337593
      ],
      [
        0.6349819302558899,
        0.025659622624516487,
        0.7721006870269775,
        -0.57062166929245
      ],
      [
        0.0,
        0.0,
        0.0,
        1.0
      ]
    ]
  ],
  "height": 480,
  "width": 768
}