{
  "intrinsic": [
    [
      472.03424072265625,
      0.0,
      384.0
    ],
    [
      0.0,
      472.03424072265625,
      240.0
    ],
    [
      0.0,
      0.0,
      1.0
    ]
  ],
  "extrinsic": [
    [
      [
        0.9999997019767761,
        2.4242850486189127e-05,
        0.0007496561738662422,
        -7.621313852723688e-05
      ],
      [
        -2.4328734070877545e-05,
        1.0,
        0.00011455535423010588,
        4.251155405654572e-05
      ],
      [
        -0.0007496533798985183,
        -0.00011457355867605656,
        0.9999997019767761,
        -0.00025313696824014187
      ],
      [
        0.0,
        0.0,
        0.0,
        1.0
      ]
    ],
    [
      [
        0.9999960064888,
        0.0007214575307443738,
        -0.002725602127611637,
        -0.0008877345826476812
      ],
      [
        -0.000720429525244981,
        0.9999996423721313,
        0.00037815049290657043,
        0.00031767605105414987
      ],
      [
        0.002725873840972781,
        -0.0003761854022741318,
        0.9999961853027344,
        0.004866157658398151
      ],
      [
        0.0,
        0.0,
        0.0,
        1.0
      ]
    ],
    [
      [
        0.9999530911445618,
        0.0021992730908095837,
        -0.009429745376110077,
        -0.0006338574457913637
      ],
      [
        -0.0021952507086098194,
        0.9999974966049194,
        0.0004369006201159209,
        0.00015570416871923953
      ],
      [
        0.009430681355297565,
        -0.0004161795077379793,
        0.999955415725708,
        0.0043144128285348415
      ],
      [
        0.0,
        0.0,
        0.0,
        1.0
      ]
    ],
    [
      [
        0.9998872876167297,
        0.0031073091086000204,
        -0.014689178206026554,
        -0.0009185474482364953
      ],
      [
        -0.003104724222794175,
        0.9999951720237732,
        0.00019879051251336932,
        0.00019429883104749024
      ],
      [
        0.014689725823700428,
        -0.00015316225471906364,
        0.9998921155929565,
        0.004112431779503822
      ],
      [
        0.0,
        0.0,
        0.0,
        1.0
      ]
    ],
    [
      [
        0.9997801780700684,
        0.004425483755767345,
        -0.02049441635608673,
        -0.0009630343411117792
      ],
      [
        -0.004439834039658308,
        0.999989926815033,
        -0.0006547786178998649,
        0.00013118231436237693
      ],
      [
        0.020491311326622963,
        0.0007456264575012028,
        0.9997897744178772,
        0.002542293630540371
      ],
      [
        0.0,
        0.0,
        0.0,
        1.0
      ]
    ],
    [
      [
        0.9996574521064758,
        0.00502685597166419,
        -0.025684023275971413,
        -0.000711538945324719
      ],
      [
        -0.005052441265434027,
        0.9999868273735046,
        -0.000931385497096926,
        0.00019973832240793854
      ],
      [
        0.025679005309939384,
        0.0010608334559947252,
        0.9996696710586548,
        0.0022062710486352444
      ],
      [
        0.0,
        0.0,
        0.0,
        1.0
      ]
    ],
    [
      [
        0.999478280544281,
        0.00586424395442009,
        -0.03176046907901764,
        -0.0005024629645049572
      ],
      [
        -0.005895041860640049,
        0.9999822378158569,
        -0.0008761202334426343,
        6.369533366523683e-05
      ],
      [
        0.031754765659570694,
        0.0010628924937918782,
        0.9994951486587524,
        0.0012005886528640985
      ],
      [
        0.0,
        0.0,
        0.0,
        1.0
      ]
    ],
    [
      [
        0.9992793202400208,
        0.006749591324478388,
        -0.037353649735450745,
        -0.0003124761569779366
      ],
      [
        -0.006805740296840668,
        0.9999759197235107,
        -0.0013762126909568906,
        3.665281838038936e-05
      ],
      [
        0.03734346106648445,
        0.001629440113902092,
        0.9993011355400085,
        0.0006945856148377061
      ],
      [
        0.0,
        0.0,
        0.0,
        1.0
      ]
    ],
    [
      [
        0.9990653991699219,
        0.007250988390296698,
        -0.04261110723018646,
        -4.941670340485871e-05
      ],
      [
        -0.007327089551836252,
        0.9999718070030212,
        -0.001630050945095718,
        -3.6737401387654245e-05
      ],
      [
        0.04259808361530304,
        0.0019407428335398436,
        0.9990904331207275,
        0.00016969999705906957
      ],
      [
        0.0,
        0.0,
        0.0,
        1.0
      ]
    ],
    [
      [
        0.9988101720809937,
        0.00802299752831459,
        -0.04810291528701782,
        -0.0002532827202230692
      ],
      [
        -0.008139532059431076,
        0.9999644160270691,
        -0.002227222314104438,
        -3.5171309718862176e-05
      ],
      [
        0.04808333143591881,
        0.00261610746383667,
        0.9988399147987366,
        -0.000919018522836268
      ],
      [
        0.0,
        0.0,
        0.0,
        1.0
      ]
    ],
    [
      [
        0.9985305666923523,
        0.009149676188826561,
        -0.05341329425573349,
        -2.477127236488741e-05
      ],
      [
        -0.00929252989590168,
        0.9999538660049438,
        -0.002426744904369116,
        8.466153667541221e-05
      ],
      [
        0.053388625383377075,
        0.0029195232782512903,
        0.9985695481300354,
        -0.0016548471758142114
      ],
      [
        0.0,
        0.0,
        0.0,
        1.0
      ]
    ],
    [
      [
        0.9981878399848938,
        0.010245511308312416,
        -0.059296369552612305,
        0.0003422788577154279
      ],
      [
        -0.010382828302681446,
        0.9999440908432007,
        -0.002008137758821249,
        -6.622821820201352e-05
      ],
      [
        0.05927248299121857,
        0.0026201626751571894,
        0.9982383847236633,
        -0.0031713726930320263
      ],
      [
        0.0,
        0.0,
        0.0,
        1.0
      ]
    ],
    [
      [
        0.9978557229042053,
        0.011618610471487045,
        -0.0644121840596199,
        0.00047263954184018075
      ],
      [
        -0.011740162037312984,
        0.9999299645423889,
        -0.0015089134685695171,
        -0.00019131135195493698
      ],
      [
        0.0643901452422142,
        0.002261887537315488,
        0.9979222416877747,
        -0.0038719845470041037
      ],
      [
        0.0,
        0.0,
        0.0,
        1.0
      ]
    ],
    [
      [
        0.9974973201751709,
        0.012249492108821869,
        -0.06963542103767395,
        0.0007565740961581469
      ],
      [
        -0.012422517873346806,
        0.9999207258224487,
        -0.002052228432148695,
        1.042075382429175e-05
      ],
      [
        0.06960476189851761,
        0.002912139520049095,
        0.9975703954696655,
        -0.00536628533154726
      ],
      [
        0.0,
        0.0,
        0.0,
        1.0
      ]
    ],
    [
      [
        0.9970598816871643,
        0.013628280721604824,
        -0.07540460675954819,
        0.001194652053527534
      ],
      [
        -0.013819587416946888,
        0.9999024868011475,
        -0.0020158628467470407,
        1.3377275536186062e-05
      ],
      [
        0.07536977529525757,
        0.003051996696740389,
        0.9971509575843811,
        -0.00680752657353878
      ],
      [
        0.0,
        0.0,
        0.0,
        1.0
      ]
    ],
    [
      [
        0.9966585040092468,
        0.014546958729624748,
        -0.08037541806697845,
        0.0011221820022910833
      ],
      [
        -0.014685403555631638,
        0.9998915195465088,
        -0.0011315910378471017,
        -0.00017062896222341806
      ],
      [
        0.08035023510456085,
        0.002308155409991741,
        0.9967640042304993,
        -0.00860296655446291
      ],
      [
        0.0,
        0.0,
        0.0,
        1.0
      ]
    ],
    [
      [
        0.9961632490158081,
        0.014494704082608223,
        -0.08630556613206863,
        0.001550267799757421
      ],
      [
        -0.014612564817070961,
        0.9998929500579834,
        -0.0007339986623264849,
        -0.00021771535102743655
      ],
      [
        0.08628568798303604,
        0.0019923283252865076,
        0.9962684512138367,
        -0.009026105515658855
      ],
      [
        0.0,
        0.0,
        0.0,
        1.0
      ]
    ],
    [
      [
        0.9956890940666199,
        0.015386964194476604,
        -0.09146841615438461,
        0.0016276525566354394
      ],
      [
        -0.015558733604848385,
        0.9998782873153687,
        -0.001165103050880134,
        -0.00020574730297084898
      ],
      [
        0.09143935889005661,
        0.002583213383331895,
        0.9958072900772095,
        -0.01063377782702446
      ],
      [
        0.0,
        0.0,
        0.0,
        1.0
      ]
    ],
    [
      [
        0.995171070098877,
        0.016019262373447418,
        -0.09683988988399506,
        0.0020642774179577827
      ],
      [
        -0.016244247555732727,
        0.9998669028282166,
        -0.0015352788614109159,
        -2.7655485610011965e-05
      ],
      [
        0.09680240601301193,
        0.0031009563244879246,
        0.9952988028526306,
        -0.012231795117259026
      ],
      [
        0.0,
        0.0,
        0.0,
        1.0
      ]
    ],
    [
      [
        0.994657039642334,
        0.015714695677161217,
        -0.10203173011541367,
        0.0026338635943830013
      ],
      [
        -0.015962054952979088,
        0.9998713135719299,
        -0.0016082891961559653,
        -8.392788004130125e-06
      ],
      [
        0.10199332237243652,
        0.003228332381695509,
        0.9947798252105713,
        -0.014165214262902737
      ],
      [
        0.0,
        0.0,
        0.0,
        1.0
      ]
    ],
    [
      [
        0.99403977394104,
        0.01607595384120941,
        -0.10782647132873535,
        0.0033889205660670996
      ],
      [
        -0.016350461170077324,
        0.999864935874939,
        -0.0016621655086055398,
        0.0002386957930866629
      ],
      [
        0.1077851876616478,
        0.00341527140699327,
        0.9941683411598206,
        -0.015697745606303215
      ],
      [
        0.0,
        0.0,
        0.0,
        1.0
      ]
    ],
    [
      [
        0.9934642314910889,
        0.01664721965789795,
        -0.11292315274477005,
        0.003949644509702921
      ],
      [
        -0.016873134300112724,
        0.9998570680618286,
        -0.001045063603669405,
        7.299714343389496e-05
      ],
      [
        0.1128896102309227,
        0.0029436005279421806,
        0.9936031699180603,
        -0.017110753804445267
      ],
      [
        0.0,
        0.0,
        0.0,
        1.0
      ]
    ],
    [
      [
        0.9928630590438843,
        0.017561174929142,
        -0.11796007305383682,
        0.004710343200713396
      ],
      [
        -0.017703253775835037,
        0.9998432993888855,
        -0.0001566811406519264,
        0.00010994966578437015
      ],
      [
        0.11793883144855499,
        0.002243839902803302,
        0.9930183291435242,
        -0.018601128831505775
      ],
      [
        0.0,
        0.0,
        0.0,
        1.0
      ]
    ],
    [
      [
        0.9922719597816467,
        0.018136082217097282,
        -0.1227496787905693,
        0.005219068378210068
      ],
      [
        -0.018258001655340195,
        0.9998332858085632,
        0.0001316316775046289,
        7.375828135991469e-05
      ],
      [
        0.12273159623146057,
        0.002110549248754978,
        0.9924376606941223,
        -0.02103838324546814
      ],
      [
        0.0,
        0.0,
        0.0,
        1.0
      ]
    ],
    [
      [
        0.991565465927124,
        0.01837845705449581,
        -0.1282970905303955,
        0.006301703862845898
      ],
      [
        -0.018518831580877304,
        0.9998285174369812,
        9.877107368083671e-05,
        0.00026923525729216635
      ],
      [
        0.12827689945697784,
        0.0022779738064855337,
        0.9917357563972473,
        -0.023015551269054413
      ],
      [
        0.0,
        0.0,
        0.0,
        1.0
      ]
    ],
    [
      [
        0.9908661842346191,
        0.018645038828253746,
        -0.13355369865894318,
        0.007278056815266609
      ],
      [
        -0.018796199932694435,
        0.9998233318328857,
        0.00012898868590127677,
        0.00018132201512344182
      ],
      [
        0.13353252410888672,
        0.002382491482421756,
        0.9910415410995483,
        -0.027334487065672874
      ],
      [
        0.0,
        0.0,
        0.0,
        1.0
      ]
    ],
    [
      [
        0.9901187419891357,
        0.01875610090792179,
        -0.13897140324115753,
        0.008467343635857105
      ],
      [
        -0.019002797082066536,
        0.9998193383216858,
        -0.00044838720350526273,
        0.00044757011346518993
      ],
      [
        0.13893789052963257,
        0.0030848016031086445,
        0.9902963042259216,
        -0.029150957241654396
      ],
      [
        0.0,
        0.0,
        0.0,
        1.0
      ]
    ],
    [
      [
        0.9895630478858948,
        0.01868613250553608,
        -0.14288383722305298,
        0.009632746689021587
      ],
      [
        -0.01886077970266342,
        0.9998221397399902,
        0.00013211781333666295,
        0.00039374397601932287
      ],
      [
        0.14286090433597565,
        0.0025641617830842733,
        0.9897394776344299,
        -0.031003525480628014
      ],
      [
        0.0,
        0.0,
        0.0,
        1.0
      ]
    ],
    [
      [
        0.9889074563980103,
        0.018867988139390945,
        -0.14732961356639862,
        0.010892229154706001
      ],
      [
        -0.019017595797777176,
        0.9998190999031067,
        0.00039319178904406726,
        0.0003957116277888417
      ],
      [
        0.14731036126613617,
        0.0024130248930305243,
        0.9890874028205872,
        -0.03365271911025047
      ],
      [
        0.0,
        0.0,
        0.0,
        1.0
      ]
    ],
    [
      [
        0.9883290529251099,
        0.019207663834095,
        -0.15111851692199707,
        0.012116027995944023
      ],
      [
        -0.01931380107998848,
        0.9998131990432739,
        0.0007655241643078625,
        0.0006139772012829781
      ],
      [
        0.15110498666763306,
        0.0021620835177600384,
        0.9885153770446777,
        -0.035505905747413635
      ],
      [
        0.0,
        0.0,
        0.0,
        1.0
      ]
    ],
    [
      [
        0.9877418279647827,
        0.019579630345106125,
        -0.15486350655555725,
        0.013334459625184536
      ],
      [
        -0.0195658877491951,
        0.9998072981834412,
        0.0016130967997014523,
        0.0006776321097277105
      ],
      [
        0.15486523509025574,
        0.0014367186231538653,
        0.9879345893859863,
        -0.038339778780937195
      ],
      [
        0.0,
        0.0,
        0.0,
        1.0
      ]
    ],
    [
      [
        0.9870715141296387,
        0.019564079120755196,
        -0.15908204019069672,
        0.01470586284995079
      ],
      [
        -0.01940840110182762,
        0.9998084306716919,
        0.0025323606096208096,
        0.0005746608949266374
      ],
      [
        0.15910111367702484,
        0.000587907328736037,
        0.9872621297836304,
        -0.04118892177939415
      ],
      [
        0.0,
        0.0,
        0.0,
        1.0
      ]
    ],
    [
      [
        0.9864271283149719,
        0.019341031089425087,
        -0.16305676102638245,
        0.016041304916143417
      ],
      [
        -0.019104665145277977,
        0.9998129606246948,
        0.0030176877044141293,
        0.0007192159537225962
      ],
      [
        0.16308461129665375,
        0.0001384158240398392,
        0.98661208152771,
        -0.04372239112854004
      ],
      [
        0.0,
        0.0,
        0.0,
        1.0
      ]
    ],
    [
      [
        0.9856786131858826,
        0.019368529319763184,
        -0.1675187051296234,
        0.017779845744371414
      ],
      [
        -0.019067637622356415,
        0.9998124241828918,
        0.0034045949578285217,
        0.0007511554867960513
      ],
      [
        0.16755323112010956,
        -0.00016165021224878728,
        0.9858630299568176,
        -0.047531608492136
      ],
      [
        0.0,
        0.0,
        0.0,
        1.0
      ]
    ],
    [
      [
        0.9849177002906799,
        0.019374597817659378,
        -0.17193545401096344,
        0.019086237996816635
      ],
      [
        -0.018966248258948326,
        0.9998120665550232,
        0.004017568193376064,
        0.0008180339937098324
      ],
      [
        0.17198097705841064,
        -0.0006960035534575582,
        0.9851000308990479,
        -0.04944450035691261
      ],
      [
        0.0,
        0.0,
        0.0,
        1.0
      ]
    ],
    [
      [
        0.9842478632926941,
        0.019453974440693855,
        -0.17572054266929626,
        0.02087290585041046
      ],
      [
        -0.019088299944996834,
        0.9998106956481934,
        0.003771181683987379,
        0.0010464353254064918
      ],
      [
        0.1757606416940689,
        -0.0003575706505216658,
        0.9844328761100769,
        -0.05257340520620346
      ],
      [
        0.0,
        0.0,
        0.0,
        1.0
      ]
    ],
    [
      [
        0.9835522174835205,
        0.01957041770219803,
        -0.1795606017112732,
        0.02223845198750496
      ],
      [
        -0.019107788801193237,
        0.999808132648468,
        0.0043058209121227264,
        0.001253678696230054
      ],
      [
        0.17961040139198303,
        -0.0008039939566515386,
        0.9837374687194824,
        -0.053349025547504425
      ],
      [
        0.0,
        0.0,
        0.0,
        1.0
      ]
    ],
    [
      [
        0.9829035401344299,
        0.01974022388458252,
        -0.183059960603714,
        0.023616760969161987
      ],
      [
        -0.01924298331141472,
        0.9998047351837158,
        0.004492375999689102,
        0.001415231148712337
      ],
      [
        0.18311288952827454,
        -0.0008929533651098609,
        0.9830914735794067,
        -0.05438624322414398
      ],
      [
        0.0,
        0.0,
        0.0,
        1.0
      ]
    ],
    [
      [
        0.9822410941123962,
        0.019776543602347374,
        -0.18657787144184113,
        0.025139274075627327
      ],
      [
        -0.019242774695158005,
        0.999803900718689,
        0.004671627655625343,
        0.001635864726267755
      ],
      [
        0.1866336613893509,
        -0.0009983889758586884,
        0.9824290871620178,
        -0.057632215321063995
      ],
      [
        0.0,
        0.0,
        0.0,
        1.0
      ]
    ],
    [
      [
        0.9816871881484985,
        0.01986030861735344,
        -0.18946197628974915,
        0.02613208442926407
      ],
      [
        -0.019175086170434952,
        0.9998012781143188,
        0.0054492466151714325,
        0.0014920285902917385
      ],
      [
        0.1895325481891632,
        -0.0017165058525279164,
        0.9818729162216187,
        -0.05821044743061066
      ],
      [
        0.0,
        0.0,
        0.0,
        1.0
      ]
    ],
    [
      [
        0.9811021089553833,
        0.019672535359859467,
        -0.19248802959918976,
        0.02676551789045334
      ],
      [
        -0.018893567845225334,
        0.9998041987419128,
        0.005881740245968103,
        0.0013969941064715385
      ],
      [
        0.19256605207920074,
        -0.00213380204513669,
        0.9812816977500916,
        -0.05982641503214836
      ],
      [
        0.0,
        0.0,
        0.0,
        1.0
      ]
    ],
    [
      [
        0.9804702401161194,
        0.019858887419104576,
        -0.19566228985786438,
        0.02811732329428196
      ],
      [
        -0.01906002312898636,
        0.9998005628585815,
        0.0059650857001543045,
        0.0016633091727271676
      ],
      [
        0.1957417130470276,
        -0.0021192615386098623,
        0.9806531667709351,
        -0.061053913086652756
      ],
      [
        0.0,
        0.0,
        0.0,
        1.0
      ]
    ],
    [
      [
        0.9797452092170715,
        0.02016483061015606,
        -0.19923035800457,
        0.029550043866038322
      ],
      [
        -0.019344035536050797,
        0.9997944831848145,
        0.006065634079277515,
        0.0016838947776705027
      ],
      [
        0.19931171834468842,
        -0.002088856417685747,
        0.9799339175224304,
        -0.06344705820083618
      ],
      [
        0.0,
        0.0,
        0.0,
        1.0
      ]
    ],
    [
      [
        0.9790774583816528,
        0.02057289332151413,
        -0.20244532823562622,
        0.030652502551674843
      ],
      [
        -0.01956908032298088,
        0.9997842907905579,
        0.006958968937397003,
        0.0015820770058780909
      ],
      [
        0.20254482328891754,
        -0.0028517006430774927,
        0.9792688488960266,
        -0.06565851718187332
      ],
      [
        0.0,
        0.0,
        0.0,
        1.0
      ]
    ],
    [
      [
        0.9784314632415771,
        0.02046266198158264,
        -0.20555566251277924,
        0.03162793442606926
      ],
      [
        -0.019367586821317673,
        0.9997854828834534,
        0.007338237017393112,
        0.0014641042798757553
      ],
      [
        0.20566174387931824,
        -0.003198845311999321,
        0.9786179065704346,
        -0.06853602826595306
      ],
      [
        0.0,
        0.0,
        0.0,
        1.0
      ]
    ],
    [
      [
        0.9776672720909119,
        0.020109137520194054,
        -0.2091946005821228,
        0.03332829847931862
      ],
      [
        -0.01885967329144478,
        0.9997904300689697,
        0.00796597171574831,
        0.0012079605367034674
      ],
      [
        0.20931093394756317,
        -0.0038427282124757767,
        0.9778416156768799,
        -0.07214804738759995
      ],
      [
        0.0,
        0.0,
        0.0,
        1.0
      ]
    ],
    [
      [
        0.9770680665969849,
        0.019907228648662567,
        -0.21199461817741394,
        0.03424124792218208
      ],
      [
        -0.018509235233068466,
        0.9997919201850891,
        0.008577118627727032,
        0.0010338315041735768
      ],
      [
        0.21212126314640045,
        -0.004456569440662861,
        0.9772331714630127,
        -0.07262618839740753
      ],
      [
        0.0,
        0.0,
        0.0,
        1.0
      ]
    ],
    [
      [
        0.9763616323471069,
        0.01964493654668331,
        -0.21524883806705475,
        0.03572262451052666
      ],
      [
        -0.018176240846514702,
        0.9997960925102234,
        0.008800721727311611,
        0.0010327931959182024
      ],
      [
        0.2153778225183487,
        -0.004680271726101637,
        0.9765195846557617,
        -0.07546461373567581
      ],
      [
        0.0,
        0.0,
        0.0,
        1.0
      ]
    ],
    [
      [
        0.9757593870162964,
        0.018870720639824867,
        -0.2180308848619461,
        0.03645755723118782
      ],
      [
        -0.017483580857515335,
        0.9998127818107605,
        0.008289744146168232,
        0.0015011454233899713
      ],
      [
        0.21814650297164917,
        -0.004276835825294256,
        0.9759066700935364,
        -0.07697562873363495
      ],
      [
        0.0,
        0.0,
        0.0,
        1.0
      ]
    ],
    [
      [
        0.9751204252243042,
        0.01813528500497341,
        -0.22093281149864197,
        0.03788847103714943
      ],
      [
        -0.01671784557402134,
        0.9998259544372559,
        0.008284037001430988,
        0.0013943647500127554
      ],
      [
        0.22104457020759583,
        -0.00438441289588809,
        0.9752538204193115,
        -0.07885212451219559
      ],
      [
        0.0,
        0.0,
        0.0,
        1.0
      ]
    ],
    [
      [
        0.9746664762496948,
        0.01707421988248825,
        -0.22301070392131805,
        0.03879234194755554
      ],
      [
        -0.0156418289989233,
        0.9998441338539124,
        0.008187917992472649,
        0.001447897870093584
      ],
      [
        0.2231157422065735,
        -0.004492193926125765,
        0.9747816324234009,
        -0.0807056725025177
      ],
      [
        0.0,
        0.0,
        0.0,
        1.0
      ]
    ],
    [
      [
        0.9743318557739258,
        0.01682332158088684,
        -0.2244870662689209,
        0.039201393723487854
      ],
      [
        -0.0153742590919137,
        0.9998481869697571,
        0.00820152461528778,
        0.0014619312714785337
      ],
      [
        0.2245909720659256,
        -0.00453968346118927,
        0.9744425415992737,
        -0.08206150680780411
      ],
      [
        0.0,
        0.0,
        0.0,
        1.0
      ]
    ],
    [
      [
        0.973881721496582,
        0.016090134158730507,
        -0.2264849692583084,
        0.040188249200582504
      ],
      [
        -0.014635424129664898,
        0.9998601078987122,
        0.008100801147520542,
        0.0013742322335019708
      ],
      [
        0.22658362984657288,
        -0.0045745181851089,
        0.9739809632301331,
        -0.08469095081090927
      ],
      [
        0.0,
        0.0,
        0.0,
        1.0
      ]
    ],
    [
      [
        0.9733341932296753,
        0.015641961246728897,
        -0.22885774075984955,
        0.041686803102493286
      ],
      [
        -0.01419057697057724,
        0.9998674392700195,
        0.007986240088939667,
        0.0013582040555775166
      ],
      [
        0.2289523184299469,
        -0.004525657743215561,
        0.9734271168708801,
        -0.08759205043315887
      ],
      [
        0.0,
        0.0,
        0.0,
        1.0
      ]
    ],
    [
      [
        0.9727786779403687,
        0.015320300124585629,
        -0.23122920095920563,
        0.04293498769402504
      ],
      [
        -0.0139607023447752,
        0.9998742938041687,
        0.007515058387070894,
        0.0013942949008196592
      ],
      [
        0.2313152700662613,
        -0.004082366358488798,
        0.9728702902793884,
        -0.09011619538068771
      ],
      [
        0.0,
        0.0,
        0.0,
        1.0
      ]
    ],
    [
      [
        0.9722785353660583,
        0.014890058897435665,
        -0.23335103690624237,
        0.043914660811424255
      ],
      [
        -0.013579239137470722,
        0.9998816847801208,
        0.007223001681268215,
        0.0018446773756295443
      ],
      [
        0.23343099653720856,
        -0.0038540400564670563,
        0.9723657369613647,
        -0.09157948195934296
      ],
      [
        0.0,
        0.0,
        0.0,
        1.0
      ]
    ],
    [
      [
        0.9718030691146851,
        0.014198144897818565,
        -0.23536621034145355,
        0.045305218547582626
      ],
      [
        -0.01298987865447998,
        0.999893307685852,
        0.006683311890810728,
        0.0018741553649306297
      ],
      [
        0.23543597757816315,
        -0.0034374843817204237,
        0.9718837738037109,
        -0.09417565912008286
      ],
      [
        0.0,
        0.0,
        0.0,
        1.0
      ]
    ],
    [
      [
        0.9713354110717773,
        0.013273393735289574,
        -0.23734219372272491,
        0.04669390618801117
      ],
      [
        -0.012207916006445885,
        0.9999077320098877,
        0.005958430003374815,
        0.0017988458275794983
      ],
      [
        0.2373993992805481,
        -0.002890180330723524,
        0.9714078307151794,
        -0.09754370898008347
      ],
      [
        0.0,
        0.0,
        0.0,
        1.0
      ]
    ],
    [
      [
        0.9710285067558289,
        0.012866469100117683,
        -0.2386169135570526,
        0.04750382900238037
      ],
      [
        -0.011938590556383133,
        0.9999145269393921,
        0.005333477631211281,
        0.0021890446078032255
      ],
      [
        0.2386651486158371,
        -0.0023302093613892794,
        0.9710991382598877,
        -0.09949246793985367
      ],
      [
        0.0,
        0.0,
        0.0,
        1.0
      ]
    ],
    [
      [
        0.9707390069961548,
        0.012412373907864094,
        -0.23981595039367676,
        0.048696670681238174
      ],
      [
        -0.011569585651159286,
        0.9999209642410278,
        0.004921876359730959,
        0.002276299288496375
      ],
      [
        0.23985807597637177,
        -0.002003286499530077,
        0.9708058834075928,
        -0.10111551731824875
      ],
      [
        0.0,
        0.0,
        0.0,
        1.0
      ]
    ],
    [
      [
        0.9707152843475342,
        0.012142331339418888,
        -0.23992586135864258,
        0.049131784588098526
      ],
      [
        -0.011469056829810143,
        0.9999253749847412,
        0.004202286712825298,
        0.002341157291084528
      ],
      [
        0.2399590015411377,
        -0.001327501144260168,
        0.9707821011543274,
        -0.10345184803009033
      ],
      [
        0.0,
        0.0,
        0.0,
        1.0
      ]
    ],
    [
      [
        0.9705241918563843,
        0.011556951329112053,
        -0.24072639644145966,
        0.049721118062734604
      ],
      [
        -0.011123673059046268,
        0.999933123588562,
        0.0031587097328156233,
        0.0027234621811658144
      ],
      [
        0.24074679613113403,
        -0.00038784241769462824,
        0.9705878496170044,
        -0.10535722970962524
      ],
      [
        0.0,
        0.0,
        0.0,
        1.0
      ]
    ],
    [
      [
        0.9705145359039307,
        0.011181669309735298,
        -0.240783229470253,
        0.050357941538095474
      ],
      [
        -0.010765735059976578,
        0.9999374151229858,
        0.0030428478494286537,
        0.002493141684681177
      ],
      [
        0.24080218374729156,
        -0.00036091936635784805,
        0.970574140548706,
        -0.10847916454076767
      ],
      [
        0.0,
        0.0,
        0.0,
        1.0
      ]
    ],
    [
      [
        0.9704328775405884,
        0.01108014676719904,
        -0.24111665785312653,
        0.05094371363520622
      ],
      [
        -0.01076426636427641,
        0.9999386072158813,
        0.0026272283867001534,
        0.002858217339962721
      ],
      [
        0.24113094806671143,
        4.589472519000992e-05,
        0.9704926013946533,
        -0.10921736806631088
      ],
      [
        0.0,
        0.0,
        0.0,
        1.0
      ]
    ],
    [
      [
        0.9704737067222595,
        0.010843031108379364,
        -0.24096310138702393,
        0.051335595548152924
      ],
      [
        -0.010628324933350086,
        0.9999411106109619,
        0.002190718427300453,
        0.003085056319832802
      ],
      [
        0.24097265303134918,
        0.0004349993250798434,
        0.9705318212509155,
        -0.11044667661190033
      ],
      [
        0.0,
        0.0,
        0.0,
        1.0
      ]
    ],
    [
      [
        0.9703670740127563,
        0.01099221408367157,
        -0.24138541519641876,
        0.05204291269183159
      ],
      [
        -0.010701186954975128,
        0.9999395608901978,
        0.0025165961124002934,
        0.002863273024559021
      ],
      [
        0.24139848351478577,
        0.00014108867617323995,
        0.970426082611084,
        -0.11314547061920166
      ],
      [
        0.0,
        0.0,
        0.0,
        1.0
      ]
    ],
    [
      [
        0.9704720973968506,
        0.010852430947124958,
        -0.24096904695034027,
        0.052564576268196106
      ],
      [
        -0.010611935518682003,
        0.9999410510063171,
        0.0022957492619752884,
        0.002848642645403743
      ],
      [
        0.24097977578639984,
        0.0003291869070380926,
        0.970530092716217,
        -0.11577484011650085
      ],
      [
        0.0,
        0.0,
        0.0,
        1.0
      ]
    ],
    [
      [
        0.9703876972198486,
        0.010807451792061329,
        -0.2413109391927719,
        0.05328201875090599
      ],
      [
        -0.01061912253499031,
        0.9999414682388306,
        0.002080940641462803,
        0.0033304430544376373
      ],
      [
        0.24131931364536285,
        0.0005431908648461103,
        0.9704456329345703,
        -0.11598072946071625
      ],
      [
        0.0,
        0.0,
        0.0,
        1.0
      ]
    ],
    [
      [
        0.9703500866889954,
        0.010596536099910736,
        -0.2414712756872177,
        0.054411910474300385
      ],
      [
        -0.010451411828398705,
        0.9999436140060425,
        0.0018818349344655871,
        0.0032760524190962315
      ],
      [
        0.2414775937795639,
        0.0006976771983318031,
        0.9704061150550842,
        -0.11800951510667801
      ],
      [
        0.0,
        0.0,
        0.0,
        1.0
      ]
    ],
    [
      [
        0.970402717590332,
        0.010366586036980152,
        -0.2412698119878769,
        0.05503403767943382
      ],
      [
        -0.010381861589848995,
        0.9999454021453857,
        0.0012079133884981275,
        0.0036881158594042063
      ],
      [
        0.24126915633678436,
        0.0013326676562428474,
        0.9704573154449463,
        -0.1202457919716835
      ],
      [
        0.0,
        0.0,
        0.0,
        1.0
      ]
    ],
    [
      [
        0.9706571698188782,
        0.010638334788382053,
        -0.24023222923278809,
        0.05528954789042473
      ],
      [
        -0.010862289927899837,
        0.9999409317970276,
        0.0003918978909496218,
        0.004001167602837086
      ],
      [
        0.24022221565246582,
        0.0022290737833827734,
        0.970715343952179,
        -0.12242142111063004
      ],
      [
        0.0,
        0.0,
        0.0,
        1.0
      ]
    ],
    [
      [
        0.9707220196723938,
        0.010688400827348232,
        -0.23996782302856445,
        0.05613323301076889
      ],
      [
        -0.010907113552093506,
        0.9999404549598694,
        0.0004166797734797001,
        0.00405842112377286
      ],
      [
        0.2399579882621765,
        0.0022128759883344173,
        0.9707807302474976,
        -0.12376774847507477
      ],
      [
        0.0,
        0.0,
        0.0,
        1.0
      ]
    ],
    [
      [
        0.9708386063575745,
        0.010433349758386612,
        -0.23950687050819397,
        0.05691974237561226
      ],
      [
        -0.010633377358317375,
        0.9999433755874634,
        0.0004570458550006151,
        0.0039611398242414
      ],
      [
        0.2394980788230896,
        0.002103049075230956,
        0.9708945751190186,
        -0.1252000629901886
      ],
      [
        0.0,
        0.0,
        0.0,
        1.0
      ]
    ],
    [
      [
        0.9708672761917114,
        0.010391893796622753,
        -0.23939251899719238,
        0.057821471244096756
      ],
      [
        -0.010614296421408653,
        0.9999436140060425,
        0.0003602268116082996,
        0.003955470863729715
      ],
      [
        0.2393827736377716,
        0.0021912509109824896,
        0.9709228277206421,
        -0.1264645755290985
      ],
      [
        0.0,
        0.0,
        0.0,
        1.0
      ]
    ],
    [
      [
        0.9709378480911255,
        0.010296523571014404,
        -0.23911015689373016,
        0.05866076052188873
      ],
      [
        -0.010488670319318771,
        0.9999448657035828,
        0.00046886151540093124,
        0.003787477035075426
      ],
      [
        0.2391018122434616,
        0.0020527124870568514,
        0.9709923267364502,
        -0.12904860079288483
      ],
      [
        0.0,
        0.0,
        0.0,
        1.0
      ]
    ],
    [
      [
        0.9709765911102295,
        0.010072873905301094,
        -0.23896224796772003,
        0.05977711081504822
      ],
      [
        -0.010300896130502224,
        0.9999468922615051,
        0.00029465134139172733,
        0.00408660713583231
      ],
      [
        0.23895253241062164,
        0.0021754258777946234,
        0.9710288047790527,
        -0.13123461604118347
      ],
      [
        0.0,
        0.0,
        0.0,
        1.0
      ]
    ],
    [
      [
        0.9710479378700256,
        0.009719297289848328,
        -0.23868685960769653,
        0.061056725680828094
      ],
      [
        -0.010101694613695145,
        0.9999489188194275,
        -0.00037885940400883555,
        0.004516479559242725
      ],
      [
        0.2386709749698639,
        0.0027790323365479708,
        0.9710965156555176,
        -0.13378925621509552
      ],
      [
        0.0,
        0.0,
        0.0,
        1.0
      ]
    ],
    [
      [
        0.9711440205574036,
        0.00975807011127472,
        -0.23829412460327148,
        0.062316473573446274
      ],
      [
        -0.010213466361165047,
        0.9999476075172424,
        -0.0006764247664250433,
        0.004464020486921072
      ],
      [
        0.23827502131462097,
        0.0030907150357961655,
        0.9711927771568298,
        -0.13730774819850922
      ],
      [
        0.0,
        0.0,
        0.0,
        1.0
      ]
    ],
    [
      [
        0.9711645245552063,
        0.009486348368227482,
        -0.23822139203548431,
        0.0638246163725853
      ],
      [
        -0.00998109020292759,
        0.9999498128890991,
        -0.0008706547087058425,
        0.004570190794765949
      ],
      [
        0.23820115625858307,
        0.00322325830347836,
        0.9712104797363281,
        -0.1386812925338745
      ],
      [
        0.0,
        0.0,
        0.0,
        1.0
      ]
    ],
    [
      [
        0.9715058207511902,
        0.009255366399884224,
        -0.23683492839336395,
        0.0644296407699585
      ],
      [
        -0.009953349828720093,
        0.9999489188194275,
        -0.0017516164807602763,
        0.0048654647544026375
      ],
      [
        0.23680663108825684,
        0.004059006925672293,
        0.971548318862915,
        -0.14170052111148834
      ],
      [
        0.0,
        0.0,
        0.0,
        1.0
      ]
    ],
    [
      [
        0.9717481732368469,
        0.008749846369028091,
        -0.23585787415504456,
        0.06585829704999924
      ],
      [
        -0.009657656773924828,
        0.9999497532844543,
        -0.0026940125972032547,
        0.0050493949092924595
      ],
      [
        0.23582245409488678,
        0.004895735997706652,
        0.9717838168144226,
        -0.144271120429039
      ],
      [
        0.0,
        0.0,
        0.0,
        1.0
      ]
    ]
  ],
  "height": 480,
  "width": 768
}