{
  "intrinsic": [
    [
      586.9916381835938,
      0.0,
      384.0
    ],
    [
      0.0,
      586.9916381835938,
      240.0
    ],
    [
      0.0,
      0.0,
      1.0
    ]
  ],
  "extrinsic": [
    [
      [
        0.9999998211860657,
        -0.00031232251785695553,
        0.0005314269801601768,
        -0.0001345290511380881
      ],
      [
        0.00031232397304847836,
        0.9999999403953552,
        -2.608914883239777e-06,
        2.496382876415737e-06
      ],
      [
        -0.000531426165252924,
        2.7748917545977747e-06,
        0.9999998807907104,
        -0.00033219411852769554
      ],
      [
        0.0,
        0.0,
        0.0,
        1.0
      ]
    ],
    [
      [
        0.9999992847442627,
        -0.0005361074581742287,
        0.0010726350592449307,
        -0.0004923688247799873
      ],
      [
        0.0005359243368729949,
        0.9999998211860657,
        0.00017095456132665277,
        -0.00022421596804633737
      ],
      [
        -0.0010727264452725649,
        -0.00017037960060406476,
        0.9999994039535522,
        0.0014698440209031105
      ],
      [
        0.0,
        0.0,
        0.0,
        1.0
      ]
    ],
    [
      [
        0.9999998211860657,
        0.00016482753562740982,
        -0.0005286087980493903,
        -0.0003399860579520464
      ],
      [
        -0.00016449748363811523,
        0.9999998211860657,
        0.0006243546376936138,
        -3.806816675933078e-05
      ],
      [
        0.0005287115927785635,
        -0.000624267675448209,
        0.9999996423721313,
        0.0004853196442127228
      ],
      [
        0.0,
        0.0,
        0.0,
        1.0
      ]
    ],
    [
      [
        0.9999990463256836,
        0.0010615860810503364,
        -0.0008610198856331408,
        -0.00014951557386666536
      ],
      [
        -0.0010609226301312447,
        0.9999991655349731,
        0.0007706733886152506,
        6.947007204871625e-05
      ],
      [
        0.0008618372958153486,
        -0.0007697591790929437,
        0.9999993443489075,
        -3.100196045124903e-05
      ],
      [
        0.0,
        0.0,
        0.0,
        1.0
      ]
    ],
    [
      [
        0.9999860525131226,
        0.0026668072678148746,
        -0.004562072921544313,
        0.0005705945659428835
      ],
      [
        -0.00265993713401258,
        0.9999952912330627,
        0.0015113309491425753,
        0.00022406046628020704
      ],
      [
        0.004566082265228033,
        -0.0014991748612374067,
        0.9999884366989136,
        -0.0019147739512845874
      ],
      [
        0.0,
        0.0,
        0.0,
        1.0
      ]
    ],
    [
      [
        0.9999648332595825,
        0.003830003086477518,
        -0.007462180219590664,
        0.0016258946852758527
      ],
      [
        -0.0038061977829784155,
        0.9999876022338867,
        0.0032017126213759184,
        0.0004284265451133251
      ],
      [
        0.007474350277334452,
        -0.0031731973867863417,
        0.9999670386314392,
        -0.007804905995726585
      ],
      [
        0.0,
        0.0,
        0.0,
        1.0
      ]
    ],
    [
      [
        0.9999377131462097,
        0.005656929221004248,
        -0.00962043460458517,
        0.0017368735279887915
      ],
      [
        -0.0056178634986281395,
        0.999975860118866,
        0.004082902800291777,
        0.0007587454747408628
      ],
      [
        0.00964329857379198,
        -0.0040286025032401085,
        0.9999454021453857,
        -0.014833187684416771
      ],
      [
        0.0,
        0.0,
        0.0,
        1.0
      ]
    ],
    [
      [
        0.9998615980148315,
        0.0072858515195548534,
        -0.01495858933776617,
        0.003575303126126528
      ],
      [
        -0.007212902884930372,
        0.9999618530273438,
        0.004924893379211426,
        0.001897980459034443
      ],
      [
        0.014993900433182716,
        -0.0048163169994950294,
        0.9998759627342224,
        -0.02744589000940323
      ],
      [
        0.0,
        0.0,
        0.0,
        1.0
      ]
    ],
    [
      [
        0.9997872710227966,
        0.008331704884767532,
        -0.01886865310370922,
        0.0057876561768352985
      ],
      [
        -0.00823903363198042,
        0.9999536275863647,
        0.004983836319297552,
        0.0034107035025954247
      ],
      [
        0.018909301608800888,
        -0.004827316850423813,
        0.9998095631599426,
        -0.043001897633075714
      ],
      [
        0.0,
        0.0,
        0.0,
        1.0
      ]
    ],
    [
      [
        0.9996584057807922,
        0.00885515846312046,
        -0.024589000269770622,
        0.0082543371245265
      ],
      [
        -0.008731861598789692,
        0.9999487996101379,
        0.005117177031934261,
        0.0044217947870492935
      ],
      [
        0.024633055552840233,
        -0.004900720901787281,
        0.9996845722198486,
        -0.057329896837472916
      ],
      [
        0.0,
        0.0,
        0.0,
        1.0
      ]
    ],
    [
      [
        0.9994868636131287,
        0.009159333072602749,
        -0.03069433383643627,
        0.010245307348668575
      ],
      [
        -0.00900878757238388,
        0.9999467134475708,
        0.005039371084421873,
        0.0064511895179748535
      ],
      [
        0.03073885478079319,
        -0.004760265816003084,
        0.9995161294937134,
        -0.06927262246608734
      ],
      [
        0.0,
        0.0,
        0.0,
        1.0
      ]
    ],
    [
      [
        0.9993550181388855,
        0.009928395040333271,
        -0.03451032564043999,
        0.011592861264944077
      ],
      [
        -0.009761624038219452,
        0.9999398589134216,
        0.004997627343982458,
        0.008120933547616005
      ],
      [
        0.03455786779522896,
        -0.004657527431845665,
        0.9993918538093567,
        -0.0810571238398552
      ],
      [
        0.0,
        0.0,
        0.0,
        1.0
      ]
    ],
    [
      [
        0.9991753101348877,
        0.010739495046436787,
        -0.039158109575510025,
        0.013436033390462399
      ],
      [
        -0.010553856380283833,
        0.9999321103096008,
        0.004944369662553072,
        0.00982637144625187
      ],
      [
        0.0392085537314415,
        -0.004527023062109947,
        0.9992207884788513,
        -0.09062138199806213
      ],
      [
        0.0,
        0.0,
        0.0,
        1.0
      ]
    ],
    [
      [
        0.9989370703697205,
        0.011122066527605057,
        -0.044733401387929916,
        0.015262925997376442
      ],
      [
        -0.010961231775581837,
        0.9999325275421143,
        0.0038391256239265203,
        0.01171332411468029
      ],
      [
        0.04477308318018913,
        -0.0033447116147726774,
        0.9989916086196899,
        -0.10096455365419388
      ],
      [
        0.0,
        0.0,
        0.0,
        1.0
      ]
    ],
    [
      [
        0.9987026453018188,
        0.011703561060130596,
        -0.04955866187810898,
        0.017143787816166878
      ],
      [
        -0.011580972000956535,
        0.9999291300773621,
        0.0027600652538239956,
        0.01338960975408554
      ],
      [
        0.04958745092153549,
        -0.002182547003030777,
        0.9987673759460449,
        -0.11079663783311844
      ],
      [
        0.0,
        0.0,
        0.0,
        1.0
      ]
    ],
    [
      [
        0.99847412109375,
        0.011276189237833023,
        -0.05405773967504501,
        0.01947523094713688
      ],
      [
        -0.011041659861803055,
        0.9999282956123352,
        0.00463521433994174,
        0.013975730165839195
      ],
      [
        0.054106127470731735,
        -0.004031254909932613,
        0.9985270500183105,
        -0.1206832230091095
      ],
      [
        0.0,
        0.0,
        0.0,
        1.0
      ]
    ],
    [
      [
        0.9981609582901001,
        0.011020560748875141,
        -0.059609025716781616,
        0.021722108125686646
      ],
      [
        -0.01078190840780735,
        0.9999325275421143,
        0.004323806148022413,
        0.015665382146835327
      ],
      [
        0.0596526563167572,
        -0.0036731550935655832,
        0.998212456703186,
        -0.13107073307037354
      ],
      [
        0.0,
        0.0,
        0.0,
        1.0
      ]
    ],
    [
      [
        0.9978219866752625,
        0.011307811364531517,
        -0.06498774886131287,
        0.0247501228004694
      ],
      [
        -0.011123008094727993,
        0.9999330043792725,
        0.003204782260581851,
        0.017099931836128235
      ],
      [
        0.0650196373462677,
        -0.0024749429430812597,
        0.9978809356689453,
        -0.14052274823188782
      ],
      [
        0.0,
        0.0,
        0.0,
        1.0
      ]
    ],
    [
      [
        0.9972008466720581,
        0.010957404039800167,
        -0.07396185398101807,
        0.0285632461309433
      ],
      [
        -0.010768751613795757,
        0.9999376535415649,
        0.0029489933513104916,
        0.01804691180586815
      ],
      [
        0.07398955523967743,
        -0.0021442619618028402,
        0.9972566962242126,
        -0.15170006453990936
      ],
      [
        0.0,
        0.0,
        0.0,
        1.0
      ]
    ],
    [
      [
        0.9965424537658691,
        0.011167854070663452,
        -0.08233079314231873,
        0.03220776841044426
      ],
      [
        -0.011014724150300026,
        0.9999366402626038,
        0.002313924254849553,
        0.019912689924240112
      ],
      [
        0.08235142379999161,
        -0.001399073051288724,
        0.9966023564338684,
        -0.16094806790351868
      ],
      [
        0.0,
        0.0,
        0.0,
        1.0
      ]
    ],
    [
      [
        0.995921790599823,
        0.010452236980199814,
        -0.08961303532123566,
        0.03596661239862442
      ],
      [
        -0.010336306877434254,
        0.9999450445175171,
        0.0017576627433300018,
        0.021587491035461426
      ],
      [
        0.0896264836192131,
        -0.0008242269977927208,
        0.995975136756897,
        -0.17135700583457947
      ],
      [
        0.0,
        0.0,
        0.0,
        1.0
      ]
    ],
    [
      [
        0.994992733001709,
        0.010000842623412609,
        -0.09944575279951096,
        0.04078979045152664
      ],
      [
        -0.009842853993177414,
        0.9999493956565857,
        0.002079215832054615,
        0.022965140640735626
      ],
      [
        0.09946151077747345,
        -0.0010899746557697654,
        0.9950408339500427,
        -0.1830594539642334
      ],
      [
        0.0,
        0.0,
        0.0,
        1.0
      ]
    ],
    [
      [
        0.9943529367446899,
        0.010592585429549217,
        -0.10559399425983429,
        0.04441613703966141
      ],
      [
        -0.010450678877532482,
        0.9999436140060425,
        0.0018971238750964403,
        0.02462497353553772
      ],
      [
        0.10560812801122665,
        -0.0007828816887922585,
        0.9944075345993042,
        -0.19264371693134308
      ],
      [
        0.0,
        0.0,
        0.0,
        1.0
      ]
    ],
    [
      [
        0.9939844608306885,
        0.010557208210229874,
        -0.10901138931512833,
        0.046185821294784546
      ],
      [
        -0.010493090376257896,
        0.999944269657135,
        0.0011618195567280054,
        0.026104122400283813
      ],
      [
        0.10901758819818497,
        -1.0964279681502376e-05,
        0.9940398335456848,
        -0.20108318328857422
      ],
      [
        0.0,
        0.0,
        0.0,
        1.0
      ]
    ],
    [
      [
        0.9934030771255493,
        0.011267093010246754,
        -0.11411982774734497,
        0.04886160418391228
      ],
      [
        -0.011397537775337696,
        0.9999349117279053,
        -0.0004906193935312331,
        0.027840550988912582
      ],
      [
        0.11410687118768692,
        0.0017880679806694388,
        0.993466854095459,
        -0.2105841338634491
      ],
      [
        0.0,
        0.0,
        0.0,
        1.0
      ]
    ],
    [
      [
        0.9927389621734619,
        0.010824546217918396,
        -0.11980041116476059,
        0.05292998254299164
      ],
      [
        -0.011015958152711391,
        0.9999389052391052,
        -0.0009356068912893534,
        0.02883760631084442
      ],
      [
        0.11978296935558319,
        0.0022485298104584217,
        0.9927975535392761,
        -0.21933282911777496
      ],
      [
        0.0,
        0.0,
        0.0,
        1.0
      ]
    ],
    [
      [
        0.9922473430633545,
        0.01080143079161644,
        -0.12380850315093994,
        0.05482851713895798
      ],
      [
        -0.011047419160604477,
        0.9999381303787231,
        -0.0013004840584471822,
        0.02963683195412159
      ],
      [
        0.1237867996096611,
        0.0026581664569675922,
        0.9923052787780762,
        -0.2288084179162979
      ],
      [
        0.0,
        0.0,
        0.0,
        1.0
      ]
    ],
    [
      [
        0.9916254878044128,
        0.010371667332947254,
        -0.12872952222824097,
        0.05807521566748619
      ],
      [
        -0.010605264455080032,
        0.9999431371688843,
        -0.0011292867129668593,
        0.02992759272456169
      ],
      [
        0.12871049344539642,
        0.0024850403424352407,
        0.9916790723800659,
        -0.2391824871301651
      ],
      [
        0.0,
        0.0,
        0.0,
        1.0
      ]
    ],
    [
      [
        0.9908831119537354,
        0.010443364270031452,
        -0.13431912660598755,
        0.061465535312891006
      ],
      [
        -0.0107391607016325,
        0.9999412298202515,
        -0.001477833604440093,
        0.03154861927032471
      ],
      [
        0.13429579138755798,
        0.0029068347066640854,
        0.9909370541572571,
        -0.2487654983997345
      ],
      [
        0.0,
        0.0,
        0.0,
        1.0
      ]
    ],
    [
      [
        0.9897393584251404,
        0.010324708186089993,
        -0.14251112937927246,
        0.06594962626695633
      ],
      [
        -0.010671619325876236,
        0.9999416470527649,
        -0.0016701538115739822,
        0.03295842185616493
      ],
      [
        0.142485573887825,
        0.0031738413963466883,
        0.9897918105125427,
        -0.2637004852294922
      ],
      [
        0.0,
        0.0,
        0.0,
        1.0
      ]
    ],
    [
      [
        0.9889054298400879,
        0.01057310588657856,
        -0.14816977083683014,
        0.06860920786857605
      ],
      [
        -0.010676190257072449,
        0.9999430179595947,
        9.962484909920022e-05,
        0.032999131828546524
      ],
      [
        0.14816239476203918,
        0.0014833691529929638,
        0.988961935043335,
        -0.2741391360759735
      ],
      [
        0.0,
        0.0,
        0.0,
        1.0
      ]
    ],
    [
      [
        0.9877559542655945,
        0.011242406442761421,
        -0.15560123324394226,
        0.0727786049246788
      ],
      [
        -0.011387074366211891,
        0.9999351501464844,
        -3.838845077552833e-05,
        0.03460928052663803
      ],
      [
        0.1555907130241394,
        0.0018097611609846354,
        0.9878199696540833,
        -0.2864499092102051
      ],
      [
        0.0,
        0.0,
        0.0,
        1.0
      ]
    ],
    [
      [
        0.9864563941955566,
        0.011291895993053913,
        -0.16363441944122314,
        0.07708115875720978
      ],
      [
        -0.011468499898910522,
        0.999934196472168,
        -0.00013458235480356961,
        0.0367678739130497
      ],
      [
        0.16362214088439941,
        0.0020094008650630713,
        0.9865210652351379,
        -0.2996481657028198
      ],
      [
        0.0,
        0.0,
        0.0,
        1.0
      ]
    ],
    [
      [
        0.985404908657074,
        0.011594443581998348,
        -0.16983157396316528,
        0.08005430549383163
      ],
      [
        -0.011864200234413147,
        0.9999294281005859,
        -0.0005735903396271169,
        0.038310907781124115
      ],
      [
        0.16981296241283417,
        0.0025801346637308598,
        0.9854729175567627,
        -0.31126096844673157
      ],
      [
        0.0,
        0.0,
        0.0,
        1.0
      ]
    ],
    [
      [
        0.9842706918716431,
        0.012003961019217968,
        -0.17625856399536133,
        0.08421599864959717
      ],
      [
        -0.012389663606882095,
        0.9999226331710815,
        -0.0010878893081098795,
        0.040195707231760025
      ],
      [
        0.17623187601566315,
        0.003254561685025692,
        0.9843432903289795,
        -0.3200799226760864
      ],
      [
        0.0,
        0.0,
        0.0,
        1.0
      ]
    ],
    [
      [
        0.9832257032394409,
        0.012496613897383213,
        -0.18196436762809753,
        0.08685441315174103
      ],
      [
        -0.01298443041741848,
        0.9999145865440369,
        -0.001489739865064621,
        0.041842982172966
      ],
      [
        0.18193019926548004,
        0.003827454289421439,
        0.9833040237426758,
        -0.3292827010154724
      ],
      [
        0.0,
        0.0,
        0.0,
        1.0
      ]
    ],
    [
      [
        0.9812636971473694,
        0.01356809027493,
        -0.19219131767749786,
        0.09320278465747833
      ],
      [
        -0.014082888141274452,
        0.9998999834060669,
        -0.0013127252459526062,
        0.04317323863506317
      ],
      [
        0.19215428829193115,
        0.003994738683104515,
        0.9813566207885742,
        -0.339183509349823
      ],
      [
        0.0,
        0.0,
        0.0,
        1.0
      ]
    ],
    [
      [
        0.9792520999908447,
        0.01427091471850872,
        -0.20214271545410156,
        0.09891362488269806
      ],
      [
        -0.015003586187958717,
        0.9998852610588074,
        -0.002092661103233695,
        0.045257702469825745
      ],
      [
        0.20208966732025146,
        0.0050821080803871155,
        0.9793538451194763,
        -0.3497665524482727
      ],
      [
        0.0,
        0.0,
        0.0,
        1.0
      ]
    ],
    [
      [
        0.9773748517036438,
        0.0146400798112154,
        -0.21100737154483795,
        0.10441971570253372
      ],
      [
        -0.01518817525357008,
        0.9998841881752014,
        -0.0009770151227712631,
        0.04553843289613724
      ],
      [
        0.21096861362457275,
        0.004159726668149233,
        0.9774839878082275,
        -0.35865968465805054
      ],
      [
        0.0,
        0.0,
        0.0,
        1.0
      ]
    ],
    [
      [
        0.9750514626502991,
        0.01577422022819519,
        -0.22141768038272858,
        0.1101623997092247
      ],
      [
        -0.015955189242959023,
        0.9998722076416016,
        0.0009713523904792964,
        0.04610766842961311
      ],
      [
        0.22140471637248993,
        0.0025856420397758484,
        0.975178599357605,
        -0.371404767036438
      ],
      [
        0.0,
        0.0,
        0.0,
        1.0
      ]
    ],
    [
      [
        0.9725906848907471,
        0.016706278547644615,
        -0.23192289471626282,
        0.11643055826425552
      ],
      [
        -0.01660967990756035,
        0.9998592138290405,
        0.0023693537805229425,
        0.04665084928274155
      ],
      [
        0.23192983865737915,
        0.0015477539272978902,
        0.9727312922477722,
        -0.38320502638816833
      ],
      [
        0.0,
        0.0,
        0.0,
        1.0
      ]
    ],
    [
      [
        0.9695418477058411,
        0.01747438870370388,
        -0.2443014681339264,
        0.12560726702213287
      ],
      [
        -0.017423756420612335,
        0.9998453855514526,
        0.002368486952036619,
        0.04813027381896973
      ],
      [
        0.2443050742149353,
        0.0019603015389293432,
        0.9696964621543884,
        -0.39355576038360596
      ],
      [
        0.0,
        0.0,
        0.0,
        1.0
      ]
    ],
    [
      [
        0.9670095443725586,
        0.01991432160139084,
        -0.253960520029068,
        0.13206949830055237
      ],
      [
        -0.019972754642367363,
        0.9997977614402771,
        0.0023486020509153605,
        0.05004042014479637
      ],
      [
        0.2539559304714203,
        0.0028011705726385117,
        0.9672117233276367,
        -0.4043194353580475
      ],
      [
        0.0,
        0.0,
        0.0,
        1.0
      ]
    ],
    [
      [
        0.9649933576583862,
        0.02153947576880455,
        -0.2613884210586548,
        0.13772699236869812
      ],
      [
        -0.021522128954529762,
        0.999764084815979,
        0.0029292984399944544,
        0.05079849809408188
      ],
      [
        0.2613898515701294,
        0.002798881148919463,
        0.9652292728424072,
        -0.4132472574710846
      ],
      [
        0.0,
        0.0,
        0.0,
        1.0
      ]
    ],
    [
      [
        0.9628612995147705,
        0.022600943222641945,
        -0.2690489888191223,
        0.1432030200958252
      ],
      [
        -0.02232101745903492,
        0.9997424483299255,
        0.004099923186004162,
        0.0513911210000515
      ],
      [
        0.26907235383987427,
        0.0020577902905642986,
        0.963117778301239,
        -0.423167884349823
      ],
      [
        0.0,
        0.0,
        0.0,
        1.0
      ]
    ],
    [
      [
        0.9599200487136841,
        0.024434277787804604,
        -0.27920690178871155,
        0.15041054785251617
      ],
      [
        -0.024385787546634674,
        0.9996959567070007,
        0.0036476291716098785,
        0.05325609818100929
      ],
      [
        0.2792111337184906,
        0.0033072473015636206,
        0.9602240324020386,
        -0.43358081579208374
      ],
      [
        0.0,
        0.0,
        0.0,
        1.0
      ]
    ],
    [
      [
        0.9571682810783386,
        0.025816194713115692,
        -0.2883790135383606,
        0.15744897723197937
      ],
      [
        -0.025349287316203117,
        0.999664306640625,
        0.005354052875190973,
        0.052778951823711395
      ],
      [
        0.2884204089641571,
        0.0021854720544070005,
        0.9575013518333435,
        -0.44150975346565247
      ],
      [
        0.0,
        0.0,
        0.0,
        1.0
      ]
    ],
    [
      [
        0.9545097947120667,
        0.026920391246676445,
        -0.29696178436279297,
        0.16393649578094482
      ],
      [
        -0.026538599282503128,
        0.9996336698532104,
        0.005317772272974253,
        0.053550105541944504
      ],
      [
        0.29699617624282837,
        0.002805084688588977,
        0.954874575138092,
        -0.4553217589855194
      ],
      [
        0.0,
        0.0,
        0.0,
        1.0
      ]
    ],
    [
      [
        0.9525235891342163,
        0.027403434738516808,
        -0.3032289743423462,
        0.16881056129932404
      ],
      [
        -0.02647402323782444,
        0.999623715877533,
        0.007176063489168882,
        0.05296158790588379
      ],
      [
        0.3033115565776825,
        0.0011923215351998806,
        0.9528906941413879,
        -0.46729776263237
      ],
      [
        0.0,
        0.0,
        0.0,
        1.0
      ]
    ],
    [
      [
        0.950027346611023,
        0.028954360634088516,
        -0.31082090735435486,
        0.1759224236011505
      ],
      [
        -0.02744455635547638,
        0.9995806813240051,
        0.00923085492104292,
        0.052347615361213684
      ],
      [
        0.3109578788280487,
        -0.0002392242313362658,
        0.9504236578941345,
        -0.47934311628341675
      ],
      [
        0.0,
        0.0,
        0.0,
        1.0
      ]
    ],
    [
      [
        0.9477077722549438,
        0.029886746779084206,
        -0.317736953496933,
        0.1821913868188858
      ],
      [
        -0.027759823948144913,
        0.9995516538619995,
        0.011220438405871391,
        0.05188802257180214
      ],
      [
        0.31792986392974854,
        -0.0018133738776668906,
        0.9481124877929688,
        -0.4891846477985382
      ],
      [
        0.0,
        0.0,
        0.0,
        1.0
      ]
    ],
    [
      [
        0.9457833170890808,
        0.03197374567389488,
        -0.3232206404209137,
        0.18747588992118835
      ],
      [
        -0.029738951474428177,
        0.9994874596595764,
        0.011851828545331955,
        0.052110325545072556
      ],
      [
        0.32343393564224243,
        -0.0015970180975273252,
        0.9462494254112244,
        -0.5001686811447144
      ],
      [
        0.0,
        0.0,
        0.0,
        1.0
      ]
    ],
    [
      [
        0.9439152479171753,
        0.034521132707595825,
        -0.32837823033332825,
        0.1927548348903656
      ],
      [
        -0.032175056636333466,
        0.9994031190872192,
        0.012576954439282417,
        0.05280955880880356
      ],
      [
        0.3286163806915283,
        -0.0013059917837381363,
        0.9444625973701477,
        -0.5082718133926392
      ],
      [
        0.0,
        0.0,
        0.0,
        1.0
      ]
    ],
    [
      [
        0.9419611096382141,
        0.03613947704434395,
        -0.3337712585926056,
        0.1990775316953659
      ],
      [
        -0.03399759158492088,
        0.9993467330932617,
        0.012258293107151985,
        0.054605189710855484
      ],
      [
        0.3339962065219879,
        -0.000199417321709916,
        0.9425743818283081,
        -0.5204858779907227
      ],
      [
        0.0,
        0.0,
        0.0,
        1.0
      ]
    ],
    [
      [
        0.9407946467399597,
        0.037486132234334946,
        -0.33689790964126587,
        0.2028258740901947
      ],
      [
        -0.03572647646069527,
        0.9992963075637817,
        0.011423273012042046,
        0.05607151985168457
      ],
      [
        0.33708906173706055,
        0.0012892194790765643,
        0.9414718747138977,
        -0.5288091897964478
      ],
      [
        0.0,
        0.0,
        0.0,
        1.0
      ]
    ],
    [
      [
        0.9393907189369202,
        0.03965668007731438,
        -0.34054723381996155,
        0.20752516388893127
      ],
      [
        -0.03855418413877487,
        0.9992064237594604,
        0.010006728582084179,
        0.05923033878207207
      ],
      [
        0.3406738042831421,
        0.003729294054210186,
        0.9401741623878479,
        -0.5402515530586243
      ],
      [
        0.0,
        0.0,
        0.0,
        1.0
      ]
    ],
    [
      [
        0.9378647804260254,
        0.041116680949926376,
        -0.34455642104148865,
        0.2124306559562683
      ],
      [
        -0.03994718939065933,
        0.9991466403007507,
        0.010496208444237709,
        0.06034598499536514
      ],
      [
        0.34469398856163025,
        0.0039200372993946075,
        0.9387069344520569,
        -0.5495879650115967
      ],
      [
        0.0,
        0.0,
        0.0,
        1.0
      ]
    ],
    [
      [
        0.9365078210830688,
        0.04228610545396805,
        -0.34808769822120667,
        0.2173789143562317
      ],
      [
        -0.04115135222673416,
        0.9990960955619812,
        0.010656291618943214,
        0.06191279739141464
      ],
      [
        0.34822365641593933,
        0.00434457790106535,
        0.9374014139175415,
        -0.5623730421066284
      ],
      [
        0.0,
        0.0,
        0.0,
        1.0
      ]
    ],
    [
      [
        0.9351957440376282,
        0.04344497621059418,
        -0.3514561653137207,
        0.22273635864257812
      ],
      [
        -0.04230457916855812,
        0.9990450143814087,
        0.010927171446383,
        0.06296680867671967
      ],
      [
        0.35159528255462646,
        0.0046491618268191814,
        0.9361405372619629,
        -0.57393479347229
      ],
      [
        0.0,
        0.0,
        0.0,
        1.0
      ]
    ],
    [
      [
        0.9336708188056946,
        0.044193968176841736,
        -0.3553950786590576,
        0.22742268443107605
      ],
      [
        -0.04322540760040283,
        0.9990083575248718,
        0.010669367387890816,
        0.06434419006109238
      ],
      [
        0.35551416873931885,
        0.005400420632213354,
        0.9346553087234497,
        -0.5860565900802612
      ],
      [
        0.0,
        0.0,
        0.0,
        1.0
      ]
    ],
    [
      [
        0.9314454793930054,
        0.04331731051206589,
        -0.36129334568977356,
        0.23519885540008545
      ],
      [
        -0.042306333780288696,
        0.9990472793579102,
        0.01071151066571474,
        0.0660407766699791
      ],
      [
        0.3614131212234497,
        0.005307808052748442,
        0.9323906898498535,
        -0.5985022783279419
      ],
      [
        0.0,
        0.0,
        0.0,
        1.0
      ]
    ],
    [
      [
        0.9295778274536133,
        0.0444771982729435,
        -0.3659329414367676,
        0.2411637306213379
      ],
      [
        -0.04386833310127258,
        0.9989874362945557,
        0.009983072988688946,
        0.06788858026266098
      ],
      [
        0.36600640416145325,
        0.0067728240974247456,
        0.9305877089500427,
        -0.6086462736129761
      ],
      [
        0.0,
        0.0,
        0.0,
        1.0
      ]
    ],
    [
      [
        0.9289802312850952,
        0.04541970416903496,
        -0.36733192205429077,
        0.24346601963043213
      ],
      [
        -0.0450315997004509,
        0.9989391565322876,
        0.009631762281060219,
        0.06963037699460983
      ],
      [
        0.36737969517707825,
        0.007593826856464148,
        0.9300400614738464,
        -0.6150444149971008
      ],
      [
        0.0,
        0.0,
        0.0,
        1.0
      ]
    ],
    [
      [
        0.9278605580329895,
        0.0466974675655365,
        -0.36999210715293884,
        0.2466432750225067
      ],
      [
        -0.04675859585404396,
        0.998867392539978,
        0.008808618411421776,
        0.0717761293053627
      ],
      [
        0.36998435854911804,
        0.009127139113843441,
        0.9289931654930115,
        -0.626308262348175
      ],
      [
        0.0,
        0.0,
        0.0,
        1.0
      ]
    ],
    [
      [
        0.9269284009933472,
        0.04747994989156723,
        -0.37222233414649963,
        0.2504388093948364
      ],
      [
        -0.04799195006489754,
        0.9988165497779846,
        0.007894887588918209,
        0.07363612204790115
      ],
      [
        0.37215664982795715,
        0.010545680299401283,
        0.9281100034713745,
        -0.6350064277648926
      ],
      [
        0.0,
        0.0,
        0.0,
        1.0
      ]
    ],
    [
      [
        0.9257817268371582,
        0.04836682602763176,
        -0.3749517798423767,
        0.25372177362442017
      ],
      [
        -0.049004893749952316,
        0.9987677931785583,
        0.007839396595954895,
        0.07426903396844864
      ],
      [
        0.37486889958381653,
        0.011116903275251389,
        0.9270111918449402,
        -0.6432639956474304
      ],
      [
        0.0,
        0.0,
        0.0,
        1.0
      ]
    ],
    [
      [
        0.926261842250824,
        0.04849320277571678,
        -0.3737477958202362,
        0.253016859292984
      ],
      [
        -0.0490274652838707,
        0.99876469373703,
        0.008083066903054714,
        0.07450710237026215
      ],
      [
        0.3736780881881714,
        0.010836871340870857,
        0.9274951219558716,
        -0.6519091129302979
      ],
      [
        0.0,
        0.0,
        0.0,
        1.0
      ]
    ],
    [
      [
        0.9258741140365601,
        0.04842827096581459,
        -0.3747156262397766,
        0.2552300989627838
      ],
      [
        -0.04880103841423988,
        0.9987723231315613,
        0.008500303141772747,
        0.07420134544372559
      ],
      [
        0.374667227268219,
        0.010416301898658276,
        0.9271008372306824,
        -0.6633284091949463
      ],
      [
        0.0,
        0.0,
        0.0,
        1.0
      ]
    ],
    [
      [
        0.9264293909072876,
        0.049321819096803665,
        -0.3732236325740814,
        0.2550663352012634
      ],
      [
        -0.04941948875784874,
        0.998734712600708,
        0.009312759153544903,
        0.07421896606683731
      ],
      [
        0.37321069836616516,
        0.00981691014021635,
        0.9276946783065796,
        -0.6750352382659912
      ],
      [
        0.0,
        0.0,
        0.0,
        1.0
      ]
    ],
    [
      [
        0.9268320798873901,
        0.04983699694275856,
        -0.3721539080142975,
        0.2541292607784271
      ],
      [
        -0.04962242394685745,
        0.9987163543701172,
        0.010160763747990131,
        0.07437915354967117
      ],
      [
        0.37218254804611206,
        0.009049857966601849,
        0.9281154274940491,
        -0.6853775382041931
      ],
      [
        0.0,
        0.0,
        0.0,
        1.0
      ]
    ],
    [
      [
        0.9270368218421936,
        0.050051938742399216,
        -0.3716147243976593,
        0.2535201907157898
      ],
      [
        -0.050018683075904846,
        0.9987008571624756,
        0.009735212661325932,
        0.07560835033655167
      ],
      [
        0.37161919474601746,
        0.009562777355313301,
        0.9283360242843628,
        -0.6958518624305725
      ],
      [
        0.0,
        0.0,
        0.0,
        1.0
      ]
    ],
    [
      [
        0.9280964136123657,
        0.049601174890995026,
        -0.36902129650115967,
        0.2520809769630432
      ],
      [
        -0.04963276535272598,
        0.9987231492996216,
        0.009413677267730236,
        0.0778040736913681
      ],
      [
        0.3690170645713806,
        0.009578749537467957,
        0.9293732643127441,
        -0.7071042060852051
      ],
      [
        0.0,
        0.0,
        0.0,
        1.0
      ]
    ],
    [
      [
        0.9290129542350769,
        0.048004619777202606,
        -0.3669202923774719,
        0.2504907250404358
      ],
      [
        -0.04851696267724037,
        0.9987916350364685,
        0.007832026109099388,
        0.0801827609539032
      ],
      [
        0.36685290932655334,
        0.010525804944336414,
        0.9302194118499756,
        -0.717408299446106
      ],
      [
        0.0,
        0.0,
        0.0,
        1.0
      ]
    ],
    [
      [
        0.9300347566604614,
        0.04717855527997017,
        -0.36443042755126953,
        0.248685821890831
      ],
      [
        -0.04847768321633339,
        0.9988086223602295,
        0.0055879512801766396,
        0.08406525105237961
      ],
      [
        0.36425989866256714,
        0.012469755485653877,
        0.9312138557434082,
        -0.727768063545227
      ],
      [
        0.0,
        0.0,
        0.0,
        1.0
      ]
    ],
    [
      [
        0.9314665198326111,
        0.04714149981737137,
        -0.360759973526001,
        0.24482494592666626
      ],
      [
        -0.04849937558174133,
        0.9988091588020325,
        0.005293870344758034,
        0.08564221113920212
      ],
      [
        0.3605799376964569,
        0.012565569952130318,
        0.9326436519622803,
        -0.7383370995521545
      ],
      [
        0.0,
        0.0,
        0.0,
        1.0
      ]
    ],
    [
      [
        0.9324705600738525,
        0.046704329550266266,
        -0.3582141101360321,
        0.24346035718917847
      ],
      [
        -0.0480472631752491,
        0.9988317489624023,
        0.005156445782631636,
        0.08626819401979446
      ],
      [
        0.35803642868995667,
        0.012402973137795925,
        0.9336252212524414,
        -0.7485979199409485
      ],
      [
        0.0,
        0.0,
        0.0,
        1.0
      ]
    ],
    [
      [
        0.9342408180236816,
        0.04558410122990608,
        -0.35371774435043335,
        0.239418625831604
      ],
      [
        -0.04705105349421501,
        0.998882532119751,
        0.004455951973795891,
        0.0874713808298111
      ],
      [
        0.3535255789756775,
        0.012479858472943306,
        0.9353415966033936,
        -0.7591208815574646
      ],
      [
        0.0,
        0.0,
        0.0,
        1.0
      ]
    ],
    [
      [
        0.9362154006958008,
        0.04448143020272255,
        -0.34860020875930786,
        0.23451238870620728
      ],
      [
        -0.04575815051794052,
        0.9989420771598816,
        0.004575125407427549,
        0.08811181783676147
      ],
      [
        0.3484349250793457,
        0.011667996644973755,
        0.9372603297233582,
        -0.7683136463165283
      ],
      [
        0.0,
        0.0,
        0.0,
        1.0
      ]
    ],
    [
      [
        0.9379875063896179,
        0.044025667011737823,
        -0.3438621759414673,
        0.23043733835220337
      ],
      [
        -0.04498911648988724,
        0.9989740252494812,
        0.00518017029389739,
        0.0888158306479454
      ],
      [
        0.3437374532222748,
        0.010611120611429214,
        0.9390058517456055,
        -0.7790683507919312
      ],
      [
        0.0,
        0.0,
        0.0,
        1.0
      ]
    ],
    [
      [
        0.9399812817573547,
        0.041730910539627075,
        -0.33866462111473083,
        0.2264755219221115
      ],
      [
        -0.0420541875064373,
        0.9990949034690857,
        0.00638681510463357,
        0.08775745332241058
      ],
      [
        0.33862462639808655,
        0.0082387775182724,
        0.9408854842185974,
        -0.791456401348114
      ],
      [
        0.0,
        0.0,
        0.0,
        1.0
      ]
    ],
    [
      [
        0.9416038393974304,
        0.03997811675071716,
        -0.33434104919433594,
        0.22267678380012512
      ],
      [
        -0.04012081399559975,
        0.9991738200187683,
        0.006481936667114496,
        0.08825235068798065
      ],
      [
        0.3343239426612854,
        0.0073106177151203156,
        0.9424298405647278,
        -0.8042072653770447
      ],
      [
        0.0,
        0.0,
        0.0,
        1.0
      ]
    ]
  ],
  "height": 480,
  "width": 768
}